0.00000000,22.52222039,-0.33327282,1519.11891557,-107.16076978,170631.26892602,-31565.05771380,26880128.52561517
-0.00000000,22.41571189,-0.30285449,1504.72160329,-99.99290386,168236.50909808,-29373.26075747,26385498.76143760
0.00000000,22.31876160,-0.32093247,1491.64126063,-100.95711306,166045.55091162,-27832.65267781,25929552.74454962
0.00000000,22.22154835,-0.31605455,1478.16512248,-95.22564792,163627.75017201,-24751.09261427,25377383.70441795
-0.00000000,22.12276001,-0.32050345,1465.20750952,-97.20818282,161510.17848460,-25838.37637082,24932638.68192856
-0.00000000,22.02953928,-0.29333183,1452.61001744,-84.07213774,159350.56984844,-19749.74121454,24453107.83707194
0.00000000,21.93478610,-0.30941701,1440.55712964,-87.14080253,157366.79147151,-20238.43765314,24038876.05292184
-0.00000000,21.83894067,-0.33223931,1428.01995906,-95.56752767,155338.89504706,-22998.94460266,23640615.27056466
0.00000000,21.74003277,-0.33366739,1415.35735533,-92.32910891,153316.37809267,-21875.13042845,23238545.59213284
0.00000000,21.64187958,-0.33504852,1402.69265570,-90.74086947,151238.45576066,-21680.98912076,22806189.78139270
-0.00000000,21.54911697,-0.30963000,1390.65766075,-81.14016714,149327.31581101,-18159.65819022,22436571.20078544
0.00000000,21.45272317,-0.28917593,1378.60975172,-80.99352413,147435.42002710,-19523.42356878,22063144.10012803
0.00000000,21.35785936,-0.26022365,1366.24164876,-73.55219172,145458.46278140,-16966.79044429,21685930.19570612
-0.00000000,21.26309164,-0.30861489,1354.21047794,-81.89790999,143592.69105261,-17694.46580439,21321007.07386883
0.00000000,21.16830450,-0.34123240,1342.13737837,-84.15026212,141623.89618714,-17501.84753111,20909501.69307500
-0.00000000,21.07614440,-0.34791635,1330.42501390,-82.17762595,139768.34603306,-16696.92384144,20549689.69787749
0.00000000,20.98035457,-0.37860785,1318.27454535,-89.93959987,137862.14270869,-18363.61097436,20181067.58649080
0.00000000,20.88731070,-0.38930757,1306.58439247,-95.80123089,136056.52446948,-20251.67805009,19846976.86396873
0.00000000,20.79624955,-0.36905713,1295.03098123,-82.73337153,134149.70434795,-15996.60763648,19440273.52414945
0.00000000,20.70483911,-0.39058901,1283.82092415,-84.43942073,132386.53541325,-15706.69096571,19087671.39917002
-0.00000000,20.61035281,-0.38412328,1272.44002498,-81.14876834,130598.09295847,-14289.85452308,18722312.53392695
-0.00000000,20.52495414,-0.40051762,1261.89635492,-82.93632058,128909.85942617,-14674.58713676,18370126.16143796
-0.00000000,20.43534728,-0.41908946,1251.06719237,-87.61144833,127288.65019509,-15520.59032966,18067672.90301859
0.00000000,20.34401905,-0.41872325,1239.67670350,-83.52071094,125552.84160816,-14093.80212370,17749443.11842201
0.00000000,20.25526033,-0.42225766,1229.02469953,-85.60232448,123901.21287940,-14254.75792113,17429645.71898400
-0.00000000,20.16220277,-0.45871165,1217.85554931,-86.97891326,122206.39674764,-12980.69784116,17112279.66844641
-0.00000000,20.07205523,-0.41954368,1206.45046501,-77.45133323,120336.10520683,-11432.85046088,16713606.17817876
-0.00000000,19.98779019,-0.35748096,1196.32795739,-66.18228299,118836.17727359,-9167.85428038,16440308.03311866
0.00000000,19.89895388,-0.34834183,1185.77504699,-63.99018333,117276.69230415,-8658.19250855,16156272.36266435
0.00000000,19.81197286,-0.36974145,1175.40018649,-72.35896397,115691.55869128,-11679.58397718,15846947.39776608
-0.00000000,19.72299883,-0.34854351,1165.02348713,-67.18503773,114170.47163547,-10848.07940041,15570128.68303832
0.00000000,19.63914522,-0.39516208,1154.88472683,-73.46467032,112642.06627733,-12134.99002934,15279169.27052183
-0.00000000,19.55511210,-0.37596003,1145.01830529,-66.38425389,111203.12107116,-10444.94467160,15010681.96771393
-0.00000000,19.46654899,-0.41037735,1134.60069691,-73.95144615,109713.66049941,-12079.24702527,14752459.66085912
-0.00000000,19.37560315,-0.42763813,1123.98388598,-79.22711809,108147.12702439,-13731.67612887,14461820.34221300
0.00000000,19.29337312,-0.39124521,1113.91309373,-77.33687850,106625.85202883,-14673.09802674,14182267.73194420
-0.00000000,19.20954589,-0.42135044,1103.93349807,-81.00728232,105178.36176645,-15320.98616784,13930007.81853689
-0.00000000,19.12803696,-0.43084771,1094.28657275,-78.58896936,103752.97916447,-14258.60976681,13669298.31856919
-0.00000000,19.04200651,-0.37684135,1084.46873076,-72.51677941,102400.46676189,-14120.89087790,13448505.51901118
-0.00000000,18.96252511,-0.38932047,1075.65013833,-72.92851982,101208.50792853,-14243.90418913,13256448.80586148
0.00000000,18.87899309,-0.37906211,1066.19488374,-73.00151500,99860.09935369,-14941.76418105,13016491.17734134
-0.00000000,18.79744715,-0.41545002,1056.88284145,-83.45967336,98531.81824077,-17623.46222080,12775833.44103079
-0.00000000,18.71508097,-0.38819388,1047.73393010,-77.77532255,97239.20708172,-16456.17776224,12543210.74996469
0.00000000,18.63125491,-0.37549481,1038.41256624,-74.60441313,95896.73816040,-14732.80281070,12290410.33784260
-0.00000000,18.55001248,-0.31037822,1029.15602692,-62.34560410,94575.27099624,-12266.77992001,12061879.75852428
0.00000000,18.47071794,-0.29735751,1020.22128450,-65.14146582,93321.68228266,-13822.49974657,11845329.97645894
0.00000000,18.38934663,-0.28377007,1011.43094369,-60.95925325,92132.10477529,-12841.10620290,11649140.75529508
-0.00000000,18.30509610,-0.30280390,1002.30868143,-65.04396917,90830.59872470,-13325.97760285,11410069.00735507
-0.00000000,18.22459118,-0.28608737,993.52263224,-57.72090049,89627.76362151,-11272.83852610,11208876.09426917
-0.00000000,18.14529795,-0.28133123,984.94863966,-54.74399031,88438.86358100,-10167.36010499,11001408.47857760
-0.00000000,18.06310379,-0.25736293,976.00951051,-51.11439477,87214.20422906,-9859.86295418,10788341.00946362
-0.00000000,17.98336803,-0.27606951,967.33978097,-53.63207430,86059.49523077,-9746.57112465,10601882.84309672
-0.00000000,17.90232332,-0.28903361,958.29194326,-57.13458802,84765.92894698,-10709.11213558,10370742.13479832
-0.00000000,17.82599411,-0.34904521,950.17425302,-63.60659993,83704.86095401,-11239.92237902,10203383.73586695
-0.00000000,17.75341103,-0.34848107,942.17301835,-63.33445707,82671.50407664,-10538.79129436,10046163.53608716
0.00000000,17.67422920,-0.36666546,933.69930455,-69.94227983,81587.86917758,-12533.64499165,9877776.26283484
-0.00000000,17.59929320,-0.39620749,925.39873879,-77.25046728,80438.66427091,-13999.27372363,9679144.99373599
0.00000000,17.52233944,-0.40225860,917.01757198,-78.14731219,79312.43061184,-14232.69155206,9493416.87868119
-0.00000000,17.44245996,-0.42632495,908.91750293,-75.98750469,78308.42296544,-12780.45908075,9345225.47656147
0.00000000,17.36740552,-0.43840684,900.78818127,-78.77409181,77238.91126607,-13463.79036548,9172955.68176977
-0.00000000,17.28889208,-0.44468040,892.42299265,-80.68210002,76106.78256867,-14150.90329660,8980131.98939252
0.00000000,17.21224115,-0.42063204,884.34808509,-76.83275934,75076.44602623,-13597.97129171,8821912.99661027
-0.00000000,17.13467013,-0.42155865,876.88641453,-74.31257600,74157.44738027,-12447.90507227,8683043.11010835
0.00000000,17.06213243,-0.44855924,869.38091033,-77.52866473,73192.81696129,-12936.77759380,8530397.22218006
-0.00000000,16.98810491,-0.46143316,861.70888105,-81.77514282,72236.31142489,-13932.23912362,8384324.52916700
-0.00000000,16.90944374,-0.47086596,853.74102933,-82.64995848,71247.33983027,-14245.15465414,8238005.71800063
-0.00000000,16.83728680,-0.45263826,846.37750241,-82.97094660,70308.62226915,-14945.51593145,8091525.82945381
0.00000000,16.75867559,-0.47847121,838.52100370,-85.17429339,69319.93904095,-14897.20980690,7934970.11740325
-0.00000000,16.68606227,-0.45765557,831.45178577,-83.72678590,68487.61403257,-15126.16835730,7815917.56154079
0.00000000,16.61184567,-0.43170907,823.84101983,-79.86618484,67516.17872572,-14670.29127271,7663102.86090774
-0.00000000,16.53932366,-0.40774871,816.39934665,-76.32963216,66579.89879625,-13791.80847739,7516029.17164825
0.00000000,16.46640290,-0.37934355,809.09024497,-70.84918408,65680.88437365,-12743.68389321,7381411.64859621
0.00000000,16.39430982,-0.40272311,801.95904092,-72.99980733,64809.11838834,-12801.33457578,7251772.26814533
-0.00000000,16.32099983,-0.41572557,794.58152971,-73.74632058,63876.62763678,-12550.98196496,7107915.67761596
0.00000000,16.24998719,-0.42087209,787.76653312,-73.06869604,63047.60127226,-12364.97125313,6983123.23220421
0.00000000,16.18256253,-0.39348067,781.17623329,-69.29045488,62285.07403134,-11959.72204145,6874858.30280456
-0.00000000,16.11006433,-0.42060992,774.38064768,-72.09759929,61502.29167608,-12149.51619117,6764241.05830824
0.00000000,16.04067380,-0.43876893,767.43993388,-75.58575920,60628.15983064,-12782.77288506,6627979.85449191
-0.00000000,15.97475805,-0.41571994,761.19920256,-71.19769607,59889.09221545,-12135.70538612,6520029.04617083
-0.00000000,15.90629397,-0.44771226,754.71328316,-74.36029004,59151.63331088,-12376.72138163,6416846.17505970
-0.00000000,15.83853312,-0.44327059,748.08255113,-74.79021284,58369.97291812,-12827.64930962,6302256.50796801
-0.00000000,15.77082070,-0.44565831,741.42404572,-75.37718360,57553.03348494,-12657.44931295,6179237.13596869
0.00000000,15.70130104,-0.43057059,734.70864077,-72.51286594,56745.32179175,-12154.88996062,6059934.32571768
-0.00000000,15.63103613,-0.45335392,728.10488427,-74.51368552,55983.82773208,-12114.57140491,5953493.12892263
-0.00000000,15.56115329,-0.45023786,721.62862964,-71.20948284,55232.54389487,-11140.38430056,5845144.81144938
0.00000000,15.49182656,-0.45876940,715.36523905,-72.73035412,54556.02682710,-11411.85962314,5759406.35643984
-0.00000000,15.42367008,-0.48062455,709.01648008,-75.63800059,53832.28783306,-11946.07272982,5658577.13720987
-0.00000000,15.35755095,-0.47799004,702.78775318,-76.21049286,53105.05825526,-12293.74756294,5552759.13130205
-0.00000000,15.29303967,-0.48425700,696.54170746,-79.11769007,52373.52100004,-12900.03860479,5449996.98532801
-0.00000000,15.22525398,-0.48379100,690.51561767,-76.17811041,51722.73206690,-12063.30704051,5365300.33720506
0.00000000,15.16000700,-0.47052830,684.84713337,-74.16927036,51134.15275674,-11650.14713803,5292463.18614810
-0.00000000,15.09321741,-0.46785275,678.85031613,-74.24037546,50445.48009638,-11745.82949702,5194576.92990570
-0.00000000,15.02606388,-0.48715794,672.79529591,-77.03776126,49761.32001895,-12176.02930158,5100874.15260919
-0.00000000,14.95971920,-0.48603137,667.00512386,-76.08324969,49158.65112368,-12151.32485526,5028952.62537139
-0.00000000,14.89778706,-0.48597467,661.56377285,-74.23373250,48564.00055246,-11541.06338522,4948765.38007004
0.00000000,14.83308480,-0.46359197,655.92471135,-66.99344697,47941.97779432,-9540.18219441,4863338.26143334
-0.00000000,14.76916770,-0.48466284,650.29586265,-69.74475844,47335.71841651,-10145.50212227,4784032.01380545
0.00000000,14.70646021,-0.50470543,644.80178370,-73.39697992,46744.34635851,-11037.27590405,4707060.08283179
-0.00000000,14.64392886,-0.52910374,639.38263535,-74.72771084,46169.08719676,-10872.40184111,4633561.24788297
-0.00000000,14.58245770,-0.52143802,633.87735972,-73.01098337,45560.85071912,-10510.69819536,4547672.62871603
-0.00000000,14.51837205,-0.50018736,628.28370239,-68.76852840,44967.52179717,-9661.28469718,4471636.37496800
0.00000000,14.45572017,-0.49564267,622.89507368,-68.23662038,44395.35276956,-9700.73220725,4398522.39920059
0.00000000,14.39428224,-0.50445847,617.59846017,-68.57606376,43838.15174031,-9513.72557941,4328821.52356092
-0.00000000,14.33201801,-0.49406966,612.23155981,-68.75779457,43269.70521682,-9787.72163497,4254475.55997586
-0.00000000,14.26796274,-0.51166935,606.63819029,-69.56483456,42657.51106341,-9595.85671422,4169966.52899600
-0.00000000,14.20264605,-0.52351088,601.08832679,-70.61514824,42074.14406125,-9662.30324874,4091706.70927910
0.00000000,14.13934177,-0.54380893,596.08865556,-73.51519394,41598.61311747,-10216.80800323,4038621.43799957
0.00000000,14.07882541,-0.52714012,590.89153979,-70.35157644,41044.61818142,-9551.55818091,3967088.65320879
-0.00000000,14.01991916,-0.52571583,585.76902828,-70.06244884,40492.85559235,-9351.75509930,3893205.06125796
-0.00000000,13.95764152,-0.50995123,580.50601554,-68.55338471,39944.82395666,-9195.78401419,3822143.89624113
-0.00000000,13.89904945,-0.49372857,575.77113918,-65.84319518,39477.75017153,-8767.92883393,3765569.19097004
0.00000000,13.83729531,-0.49419503,570.63812350,-65.08920555,38939.66460874,-8487.64805903,3695279.87732169
0.00000000,13.77765608,-0.49786868,565.60168384,-66.40340380,38420.94708294,-8907.53062206,3630562.01177422
-0.00000000,13.71710102,-0.47646328,560.48893720,-63.30249817,37895.97991554,-8190.38122956,3564969.79844561
-0.00000000,13.66062048,-0.47296255,555.64670085,-62.56245685,37394.48680125,-7980.48176710,3501416.34307249
0.00000000,13.60366631,-0.45896976,551.13033890,-62.97331857,36954.16503891,-8421.62332928,3449496.29988144
0.00000000,13.54453786,-0.44971209,546.33867345,-61.25262413,36459.41171787,-8087.21487901,3384686.63929865
0.00000000,13.48664697,-0.45217946,541.61512466,-61.98274043,35979.13852189,-8309.15713722,3323901.99150569
0.00000000,13.42684651,-0.45475888,536.72113843,-61.98008233,35464.77509598,-8251.81968630,3252895.73103744
-0.00000000,13.36907103,-0.45929752,532.27929318,-62.37709840,35038.75683773,-8259.54809690,3202967.34438725
-0.00000000,13.31426122,-0.46609348,527.97229074,-63.26029713,34614.21954260,-8320.26166546,3151642.10323164
-0.00000000,13.25699519,-0.46982244,523.60665806,-63.12694612,34210.97850174,-8234.91673573,3107265.96891811
-0.00000000,13.19964872,-0.45701891,519.39260086,-62.28344680,33840.85189583,-8140.32721950,3068155.19719931
0.00000000,13.14199682,-0.44419138,514.83494758,-61.00306592,33394.94093704,-8068.15844901,3013310.09261698
0.00000000,13.08423075,-0.43723779,510.36751739,-59.66944667,32964.67941506,-7906.14269846,2961533.74134452
-0.00000000,13.02677951,-0.43762149,505.80498734,-61.17759149,32521.58391299,-8325.33745925,2909342.19512837
0.00000000,12.97310284,-0.43474379,501.59637106,-60.97313796,32113.55727730,-8310.09648202,2859832.05576642
-0.00000000,12.91736218,-0.40835627,497.21446588,-56.65599976,31687.51220537,-7789.44064006,2811202.79226756
0.00000000,12.85956288,-0.40798648,492.66387025,-56.24311388,31241.28265226,-7704.00964844,2759006.36869354
-0.00000000,12.80956331,-0.40630163,488.98663341,-54.90052203,30892.97111105,-7493.90403931,2717462.07640206
-0.00000000,12.75512049,-0.42269633,484.71179045,-56.53319984,30470.28605237,-7602.02417916,2664673.28278921
-0.00000000,12.70214635,-0.41383177,480.74045527,-54.53041006,30107.12753541,-7298.73785717,2625184.41307237
0.00000000,12.64841615,-0.41473806,476.67741351,-54.88369557,29727.37112428,-7429.97786632,2581509.68648505
-0.00000000,12.59587909,-0.41578812,472.66151307,-55.38468680,29343.47543409,-7704.58078127,2535874.04504148
-0.00000000,12.54177537,-0.41486944,468.70614215,-54.79041587,28990.58204173,-7609.65380355,2498065.63156935
0.00000000,12.48548919,-0.40320692,464.53428630,-51.84657713,28608.01696025,-7028.54953904,2455369.47350502
-0.00000000,12.43240269,-0.40361852,460.62602685,-53.09515787,28251.15777097,-7353.30341930,2415287.91535713
0.00000000,12.37836914,-0.37391674,456.79943357,-51.10516879,27910.88390366,-7327.14030297,2377786.17406715
0.00000000,12.32477081,-0.35402775,452.82272390,-48.39600067,27531.39019431,-6964.15705942,2330911.33969619
-0.00000000,12.27064413,-0.35928302,448.88863167,-49.47919445,27189.79647978,-7106.87411467,2296083.60530084
0.00000000,12.21834364,-0.34064114,445.23659030,-48.26590991,26873.11699577,-7024.71525300,2262292.99876787
0.00000000,12.16668958,-0.32379882,441.41142109,-45.77188078,26518.64720033,-6638.53297420,2220232.47029269
-0.00000000,12.11440005,-0.31581672,437.77982101,-45.41289074,26204.16857167,-6485.97758568,2186816.50161317
-0.00000000,12.06240821,-0.31002821,434.22499381,-44.72840669,25915.66688073,-6420.38802758,2159681.07404716
0.00000000,12.01214775,-0.29104394,430.46713263,-41.08146089,25565.98149240,-5712.71197405,2118370.07578695
0.00000000,11.96057569,-0.28176961,426.69961341,-37.61693719,25218.10347346,-5003.85256403,2077174.18973096
-0.00000000,11.91056845,-0.26724168,423.03893639,-35.69538458,24886.95078122,-4731.39313597,2040604.02260082
-0.00000000,11.86117300,-0.28996475,419.46744397,-38.17768890,24567.59159882,-4998.43984456,2004151.40281418
0.00000000,11.81286854,-0.27048676,416.04886603,-36.00399362,24271.84393416,-4744.25862720,1974018.58296715
0.00000000,11.76291906,-0.24715286,412.58387892,-32.32386730,23977.27644728,-4136.88604357,1942146.90861168
0.00000000,11.71307682,-0.24733045,409.10051938,-32.44988279,23675.29958677,-4147.94341979,1909076.43463611
-0.00000000,11.66584562,-0.24810063,405.80024232,-32.94168625,23403.98346594,-4246.01730971,1883621.34150736
0.00000000,11.61826252,-0.24215791,402.54630272,-31.62128494,23130.87424279,-4047.21514638,1854195.37548139
-0.00000000,11.56770034,-0.22893666,399.13740030,-31.72245388,22835.47221331,-4307.01273419,1821434.93028420
-0.00000000,11.51881137,-0.22464284,395.82546677,-30.64386376,22551.21687850,-4155.32466051,1790043.49572779
-0.00000000,11.46802891,-0.22266480,392.40938161,-30.50530022,22264.94467458,-4211.97349469,1760309.98326325
0.00000000,11.41830769,-0.23253780,389.15302381,-31.52183706,22003.78884147,-4296.23373121,1734320.64498355
0.00000000,11.37058152,-0.23697363,385.92238261,-30.76095651,21729.42140566,-4131.36360915,1704425.43535120
-0.00000000,11.32142536,-0.22611632,382.48864172,-31.19731155,21435.67309153,-4400.08459866,1673569.65401537
-0.00000000,11.27460589,-0.22441011,379.18767552,-30.66802008,21143.66684594,-4290.57590570,1641509.67891511
-0.00000000,11.22816348,-0.23011919,376.02657852,-30.45398145,20875.46548394,-4246.21579032,1612968.03078640
-0.00000000,11.18143781,-0.20743559,372.87065866,-28.17681121,20606.75519836,-4033.88696271,1583719.62451804
0.00000000,11.13502141,-0.18783541,369.92264176,-26.31986890,20376.08928159,-3852.39142172,1561567.57557765
0.00000000,11.08534230,-0.19778500,366.72191255,-27.31185151,20123.81847155,-3924.62647246,1537246.05493514
0.00000000,11.03780017,-0.19407765,363.56364009,-27.63698394,19861.18760223,-4019.95927949,1510081.18878770
0.00000000,10.99014086,-0.18679141,360.35519267,-25.50759143,19583.36231593,-3529.04601308,1479716.69578334
-0.00000000,10.94268620,-0.18479111,357.17018959,-24.87363651,19309.13747898,-3426.49465807,1450342.18790921
-0.00000000,10.89684514,-0.16499533,354.29280074,-22.05421261,19084.50203227,-2956.28264948,1428358.09909683
-0.00000000,10.85121261,-0.16471190,351.34764073,-22.72594394,18836.85279878,-3120.03802376,1402163.23430285
0.00000000,10.80752736,-0.16653516,348.61830919,-22.49182749,18620.48460887,-3044.32891090,1381130.23713022
0.00000000,10.76167863,-0.17630153,345.59007913,-23.56858213,18375.35687433,-3165.50956808,1356660.01585022
-0.00000000,10.71681147,-0.16346562,342.60864224,-22.68879586,18136.34557150,-3143.47528367,1333604.86897047
-0.00000000,10.67212600,-0.15582424,339.93123632,-21.57759737,17940.22965560,-2971.84480113,1316136.01817209
0.00000000,10.62622172,-0.14189324,336.99989473,-19.99829406,17703.81226624,-2750.32628571,1291847.11305836
0.00000000,10.58143155,-0.14426850,334.21465722,-19.59731625,17480.94409651,-2584.99438918,1269692.96908581
0.00000000,10.53608239,-0.12749671,331.34775813,-18.13518805,17254.71861588,-2361.26181027,1247203.12135724
-0.00000000,10.48922151,-0.13151496,328.45609845,-17.64369534,17033.02200586,-2129.19918562,1226376.98376748
-0.00000000,10.44556475,-0.13240137,325.73837922,-17.75412895,16826.96350643,-2122.48961480,1207475.40729437
0.00000000,10.39917276,-0.13719857,322.95441371,-17.98941372,16630.35938231,-2114.70937681,1191561.53243862
-0.00000000,10.35588059,-0.13014309,320.34263166,-17.17324128,16431.18323430,-2039.84141962,1172946.31558429
0.00000000,10.31402021,-0.13616422,317.80712731,-17.13768767,16238.42363139,-1964.33505287,1154800.76375246
-0.00000000,10.27037845,-0.14738979,315.04917581,-18.73132408,16030.82670459,-2228.27095854,1135690.24631957
0.00000000,10.22746346,-0.14415243,312.42373414,-18.37251934,15837.17209002,-2188.47681820,1118290.16609060
-0.00000000,10.18345299,-0.14002100,309.67808090,-18.27575477,15624.81965771,-2184.93191846,1097682.43473953
-0.00000000,10.13929285,-0.13302791,307.00089772,-16.86205422,15421.08091399,-1935.09691614,1078685.11005261
0.00000000,10.09563818,-0.13407451,304.46578436,-16.11637208,15235.12051940,-1713.17685557,1061611.45099798
0.00000000,10.05363433,-0.13787048,301.94777658,-15.93296449,15049.64058249,-1614.83206616,1044888.65017823
-0.00000000,10.00979936,-0.12323017,299.33776695,-14.97211509,14866.89496554,-1562.51641132,1030359.43405969
0.00000000,9.96940142,-0.12082780,296.90282593,-14.81852452,14685.37654588,-1554.53440991,1013884.39576697
-0.00000000,9.92961378,-0.11891837,294.36847304,-14.98218507,14488.68686188,-1590.66634910,995199.25054161
0.00000000,9.88602303,-0.11521557,291.77945942,-13.94858291,14297.59169265,-1439.59499108,977322.79232717
-0.00000000,9.84476743,-0.11032101,289.30621761,-13.16320337,14110.85108923,-1305.54698740,959814.55222775
-0.00000000,9.80626390,-0.11808952,287.05111961,-13.62199798,13945.57397766,-1363.07117682,944678.49637730
0.00000000,9.76818523,-0.10438232,284.82387623,-11.89114543,13787.00892367,-1144.36735968,931250.69389139
0.00000000,9.72807615,-0.11155014,282.47747721,-12.26211100,13611.12653524,-1178.57608805,914342.15703567
-0.00000000,9.68621488,-0.12097872,280.10031765,-12.31992664,13442.35906464,-1131.52514417,899298.47497686
-0.00000000,9.64636006,-0.11424289,277.76937810,-11.97586681,13276.12875984,-1127.17368670,884494.57465684
-0.00000000,9.60551857,-0.11620332,275.37816487,-12.14072834,13104.81169851,-1157.81544840,869233.51040846
0.00000000,9.56479964,-0.11807932,273.07857247,-13.05903581,12942.01653445,-1352.42907022,855077.14682732
-0.00000000,9.52584724,-0.12771181,270.92207441,-13.18328766,12797.45854566,-1272.44519813,843543.64763442
0.00000000,9.48802887,-0.12054132,268.68766642,-12.49762530,12631.57057483,-1178.81318193,828144.99305803
0.00000000,9.44650843,-0.12447604,266.27188967,-12.70183064,12457.53805578,-1135.57024658,812608.69787888
0.00000000,9.40680245,-0.12112214,263.88425684,-11.83958070,12285.58265452,-1029.91678555,797959.99522699
-0.00000000,9.36885303,-0.11281814,261.70422124,-11.12569698,12129.89255328,-957.05043615,784598.30466598
0.00000000,9.32799744,-0.11334227,259.36940239,-11.53731033,11962.29602339,-1011.22147164,769607.74189045
-0.00000000,9.28897783,-0.11455210,257.16992091,-11.71857667,11805.43842527,-1010.42201291,755500.75880820
0.00000000,9.25075815,-0.11032979,254.98216798,-11.40129930,11654.99339855,-980.35412277,742638.26542212
0.00000000,9.21256387,-0.11546148,252.88931247,-11.82522073,11516.94736595,-1031.06788315,731617.71407940
-0.00000000,9.17227215,-0.10983245,250.58898992,-11.34689913,11356.76098883,-999.11914969,717916.18535600
0.00000000,9.13507205,-0.11578777,248.57752920,-12.17666280,11217.83248115,-1086.38581928,705391.92958420
-0.00000000,9.09770474,-0.11018081,246.54296519,-10.98758340,11076.96792435,-921.42843107,693336.06236691
0.00000000,9.05897102,-0.11112054,244.42256578,-11.59816471,10931.04831499,-1061.05682511,680923.57351970
-0.00000000,9.02292696,-0.11491823,242.42086222,-12.06032925,10791.79179284,-1185.13034829,668888.25316621
0.00000000,8.98444195,-0.11282528,240.32452634,-11.65794365,10648.38845633,-1133.85678788,656780.67778779
0.00000000,8.94748478,-0.11089459,238.31488798,-11.58956166,10515.39240703,-1176.55238845,646045.47033683
0.00000000,8.91352739,-0.11537603,236.47873717,-11.71738984,10391.68449701,-1177.03478171,635599.58639014
0.00000000,8.87634141,-0.11296159,234.53547455,-11.30384185,10265.73500660,-1125.48027851,625233.13170236
-0.00000000,8.83980429,-0.10121491,232.52451882,-9.66291495,10126.67824233,-895.24861840,613263.20768025
0.00000000,8.80128128,-0.09786048,230.48822735,-9.82074339,9991.04201185,-930.84480335,602281.83836716
0.00000000,8.76344277,-0.08318279,228.52842295,-8.26619024,9862.35503134,-779.52497298,591504.78373974
0.00000000,8.72969215,-0.07871438,226.84091945,-8.99501049,9759.27635903,-936.36815058,583738.98125857
0.00000000,8.69573682,-0.07985846,225.00455156,-9.50572050,9637.56480344,-988.67128457,573979.49938189
-0.00000000,8.65812776,-0.06493534,223.04801805,-8.77618718,9516.00918792,-969.27092775,564990.39350120
0.00000000,8.62367378,-0.07465773,221.21936421,-10.10414890,9397.98721908,-1126.69608297,555824.53723002
-0.00000000,8.58811793,-0.07387287,219.38290835,-10.42594080,9277.69410492,-1152.51307881,545796.89724507
-0.00000000,8.55177862,-0.07461766,217.49465107,-10.70761529,9152.66424172,-1182.31324790,535242.26291340
0.00000000,8.51654923,-0.06426453,215.74227737,-9.73909610,9047.00494766,-1077.23565796,527916.18102673
-0.00000000,8.48103352,-0.06399885,213.88578532,-9.19810752,8926.59021300,-1007.86519947,518217.99666667
-0.00000000,8.44760907,-0.07324358,212.21621912,-9.79907989,8824.73028399,-1026.58077200,510671.88949119
-0.00000000,8.41382923,-0.08229942,210.50131833,-10.36774357,8714.78673825,-1044.06145476,501907.79489017
0.00000000,8.37825442,-0.07230099,208.65110043,-9.12926467,8597.55069701,-917.43872311,492997.21298757
-0.00000000,8.34251870,-0.07176123,206.75749972,-9.43903396,8472.01565225,-957.98430645,482886.78322572
-0.00000000,8.30902693,-0.06332142,205.03887015,-8.97414113,8367.09452423,-938.46145451,475442.33442640
-0.00000000,8.27633717,-0.06338141,203.46495883,-8.74073280,8274.85977405,-903.85641335,468924.69220122
0.00000000,8.24239731,-0.06329298,201.77683575,-8.46781039,8171.87571720,-850.28723453,461323.35802445
0.00000000,8.20952000,-0.04750020,200.17656101,-6.89154459,8076.06737205,-677.50609099,454173.25270162
0.00000000,8.17552109,-0.04504857,198.44250710,-6.36098259,7961.56090329,-613.40335666,444446.34613011
-0.00000000,8.14023869,-0.03643111,196.64733069,-5.75517812,7848.66590310,-564.69225332,435487.31942589
0.00000000,8.10568869,-0.03441017,194.92517474,-5.21077297,7744.88412558,-495.26724478,427840.33459168
-0.00000000,8.07196295,-0.03401684,193.32472099,-5.10597178,7646.11035505,-494.19839227,419958.92217481
-0.00000000,8.03948618,-0.02944732,191.74184686,-4.40290527,7549.20596614,-387.74900063,412429.15742769
-0.00000000,8.00684216,-0.04148738,190.22166149,-5.58779535,7464.72423529,-498.11981219,407005.53833161
0.00000000,7.97434976,-0.04308385,188.72355270,-6.06691197,7376.88974050,-533.13218066,400642.27689998
0.00000000,7.94090196,-0.04312505,187.10503579,-6.09112224,7281.03926805,-526.95635854,393577.73384800
-0.00000000,7.90933250,-0.05320214,185.67354491,-6.36073776,7200.86123121,-517.02157369,388134.70020201
-0.00000000,7.87831331,-0.06452970,184.25838288,-7.02614847,7122.45591675,-553.56201563,382893.81331409
-0.00000000,7.84577219,-0.06469581,182.75533986,-6.59472822,7037.14395189,-473.58692860,376890.28873846
-0.00000000,7.81450491,-0.06721622,181.26192132,-6.83263566,6949.07221633,-504.62567837,370455.15304013
0.00000000,7.78198436,-0.05909506,179.73269628,-6.01949324,6861.76902759,-456.97706673,364371.85432374
0.00000000,7.74933700,-0.05434746,178.27867686,-5.63495114,6783.99304377,-429.95528798,359311.03439938
0.00000000,7.71708294,-0.05503487,176.79237774,-5.86943820,6698.99696092,-462.83704195,353104.64362019
-0.00000000,7.68551557,-0.04814649,175.34482410,-5.33244258,6617.69799876,-415.74200174,347511.87801573
-0.00000000,7.65432961,-0.04377874,173.99425045,-4.92532001,6546.41540113,-393.21571948,343221.41585016
-0.00000000,7.62459463,-0.03709332,172.62477707,-4.65087834,6468.77678064,-363.49026189,338042.42613104
-0.00000000,7.59276385,-0.03873043,171.15298896,-4.95438969,6385.54379872,-410.75015734,332338.46364880
-0.00000000,7.56253341,-0.04690937,169.75921502,-5.56958567,6304.83538553,-456.48021534,326493.59490989
-0.00000000,7.53177911,-0.04433660,168.43829413,-5.06575525,6233.73476973,-411.90044518,321726.37916929
0.00000000,7.49904750,-0.04579984,166.92596737,-4.93455844,6146.61531350,-375.45699015,315538.22431788
0.00000000,7.47065731,-0.04683388,165.66085145,-4.83089714,6074.60870646,-356.01921396,310331.75841156
0.00000000,7.43962340,-0.04418869,164.24780443,-4.55543447,5994.65098975,-311.02239676,304952.10185464
-0.00000000,7.40890694,-0.04300162,162.87663322,-4.32975564,5922.70395259,-288.91741722,300687.78835583
-0.00000000,7.37878901,-0.04394309,161.50894947,-4.71917303,5848.13846813,-359.80874641,295903.35505381
-0.00000000,7.34777203,-0.04588769,160.17716925,-4.63709661,5775.60027522,-329.24516554,290879.69997612
-0.00000000,7.31836217,-0.04125371,158.85533158,-4.05919969,5702.26129488,-272.39517376,285716.24672553
0.00000000,7.28875427,-0.04536193,157.54288965,-4.53265758,5628.47132435,-340.62506667,280484.66583364
-0.00000000,7.25834774,-0.04018438,156.19898838,-4.40516715,5555.81090360,-339.40813643,275686.87462772
0.00000000,7.22865196,-0.03659141,154.95722982,-4.02649727,5490.60877321,-302.13180330,271410.46166318
-0.00000000,7.19958220,-0.04002861,153.68933944,-4.13864745,5423.81250825,-310.94666595,267277.03270803
0.00000000,7.17098713,-0.03248711,152.40429392,-3.52688627,5352.77745964,-249.39514912,262351.05787837
0.00000000,7.14306520,-0.03044027,151.21396090,-3.43432019,5289.42864258,-250.24449050,258034.04876911
0.00000000,7.11434092,-0.02597199,149.93146797,-3.22380933,5219.95080454,-255.48670360,253561.57932804
0.00000000,7.08636218,-0.02179983,148.70365849,-3.03582828,5153.87161552,-243.61985484,249368.37738002
0.00000000,7.05671736,-0.02349767,147.42965559,-3.29125561,5087.86858932,-265.73571708,245234.32838388
0.00000000,7.02868551,-0.02284882,146.26124238,-3.08267793,5028.08219569,-243.91912127,241600.41937494
0.00000000,7.00033981,-0.02455233,145.06548886,-3.14922169,4966.12034488,-232.59550645,237630.53248116
0.00000000,6.97100630,-0.02602582,143.88629908,-3.17288167,4906.87812131,-227.24786577,233944.80367695
0.00000000,6.94292694,-0.02026223,142.69847543,-2.54809658,4843.78109196,-157.75168937,229835.28367706
0.00000000,6.91530860,-0.02753652,141.52150692,-3.29390716,4784.29701514,-237.19542914,226225.92343625
-0.00000000,6.88756498,-0.02826140,140.36445141,-3.44348534,4723.69627839,-276.54685180,222265.65851751
0.00000000,6.86093937,-0.03081850,139.24772201,-3.31580061,4666.82636002,-247.30990377,218689.73365899
-0.00000000,6.83294496,-0.03366741,138.08287023,-3.35436931,4605.22620471,-237.46277188,214512.58774924
-0.00000000,6.80514333,-0.02827259,136.92065712,-2.87064823,4544.92111242,-191.67154129,210457.82272694
0.00000000,6.77804932,-0.01886013,135.81376796,-2.12162453,4487.82058595,-136.22412638,206701.38904442
-0.00000000,6.75157859,-0.01862491,134.72820452,-1.77636668,4432.33662291,-90.05645010,203149.65707934
0.00000000,6.72475204,-0.01792164,133.66296269,-1.61971114,4379.53819741,-72.42298522,199963.00952618
-0.00000000,6.69876833,-0.00958210,132.61188090,-1.18620343,4327.77345394,-44.09105162,196888.18834271
0.00000000,6.67140449,-0.01149424,131.45984164,-1.52637340,4267.96255092,-77.90729427,192998.00199544
0.00000000,6.64644159,-0.01329416,130.47293664,-1.97721669,4218.79095059,-146.20849632,189817.00055963
-0.00000000,6.61966006,-0.01956541,129.41357865,-2.46940683,4167.96617204,-186.80496268,186914.31226871
-0.00000000,6.59310818,-0.01968998,128.40675793,-2.48277694,4119.72581517,-207.58917362,184117.39294138
-0.00000000,6.56735723,-0.02518859,127.31874953,-2.72400134,4064.20591546,-206.92367865,180683.73583891
0.00000000,6.54133596,-0.02541139,126.29953381,-2.51055234,4013.98295393,-174.89792187,177551.23412300
0.00000000,6.51396036,-0.02841812,125.20368988,-2.81206627,3959.88576866,-194.94416670,174314.77046827
-0.00000000,6.48858454,-0.02940801,124.19918280,-2.85366528,3910.97521913,-180.12579377,171509.72063772
-0.00000000,6.46207114,-0.02920997,123.16881101,-3.03529513,3859.76938343,-207.58839722,168238.81380131
0.00000000,6.43637506,-0.02326601,122.18821954,-2.70914056,3815.19149374,-176.29635578,165822.71214201
0.00000000,6.40999026,-0.03239325,121.18592214,-3.30957299,3767.70234269,-226.67524142,162900.51049804
0.00000000,6.38474194,-0.03501990,120.21037213,-3.33070632,3720.78234608,-230.51975173,159987.14735385
0.00000000,6.36026404,-0.03909740,119.30861816,-3.54402673,3678.61383563,-241.76208062,157389.17929331
0.00000000,6.33489046,-0.03524320,118.30496564,-3.27664365,3630.72633743,-235.01592235,154654.65168317
-0.00000000,6.30886641,-0.03763891,117.29522637,-3.55143578,3583.20074612,-270.42010054,151980.83054228
0.00000000,6.28273455,-0.03495618,116.32529212,-3.44068228,3539.06816868,-269.51324630,149447.25218413
-0.00000000,6.25796691,-0.03379897,115.40322848,-3.20906540,3497.75818184,-246.75013069,147220.77761087
-0.00000000,6.23305503,-0.02986162,114.44243921,-3.19268820,3452.47575991,-258.60908982,144628.35328811
0.00000000,6.21016736,-0.03002241,113.57744660,-3.07366674,3413.03745082,-242.89505189,142524.60483991
0.00000000,6.18627218,-0.03436926,112.69924563,-3.41275490,3373.80322589,-276.52402206,140451.87994920
0.00000000,6.16122292,-0.03817601,111.76917920,-3.69779964,3331.88779471,-291.05427418,138151.68574041
0.00000000,6.13761752,-0.03411363,110.91371851,-3.34828613,3293.20185628,-258.51034743,136012.43192761
-0.00000000,6.11326524,-0.03482062,110.01290259,-3.33477910,3253.28330971,-259.83912427,133945.37254667
-0.00000000,6.08961399,-0.03298029,109.19328825,-3.19187118,3218.74919691,-247.18769700,132183.57880160
0.00000000,6.06589507,-0.03480778,108.30692853,-3.26311819,3178.28792067,-247.61832236,129889.71792464
-0.00000000,6.04217902,-0.03328719,107.41396528,-3.17306379,3136.24751726,-235.57141493,127427.78766603
-0.00000000,6.01782477,-0.03644119,106.56468397,-3.47104216,3100.35790993,-261.51662010,125602.68853308
-0.00000000,5.99383731,-0.03362662,105.71154147,-3.28879844,3063.70129015,-249.38613366,123626.07992476
-0.00000000,5.97010853,-0.03058867,104.83585682,-3.17029618,3024.46727513,-239.38139247,121440.65932281
0.00000000,5.94515988,-0.03237200,103.95265711,-3.35483748,2985.51597272,-254.27769786,119282.79934422
0.00000000,5.92164587,-0.03167754,103.09962263,-3.34010440,2948.18794577,-261.30101521,117308.86734047
-0.00000000,5.89786520,-0.02898364,102.23324411,-3.10589097,2910.04239695,-246.11075254,115260.53010990
-0.00000000,5.87656290,-0.03117376,101.49607366,-3.08410546,2879.58134922,-245.83256396,113781.29256299
-0.00000000,5.85300228,-0.03279796,100.65122570,-3.02646764,2844.13271120,-239.52599125,112074.52433790
-0.00000000,5.83090418,-0.03644957,99.85376169,-3.28237026,2808.04377968,-256.67056303,109980.46651610
-0.00000000,5.80765497,-0.03136511,99.02586503,-3.00031305,2772.10571325,-238.24313296,108100.91284901
0.00000000,5.78475792,-0.03623961,98.23530469,-3.09498190,2738.32565766,-228.65350263,106264.59431550
-0.00000000,5.76169298,-0.03906041,97.42651843,-2.97388543,2703.35247828,-200.17491739,104396.18520168
0.00000000,5.73941303,-0.03593500,96.63489817,-2.63969237,2668.14039309,-178.47858373,102406.55716113
-0.00000000,5.71570714,-0.03456604,95.80562033,-2.57320284,2632.44345258,-172.83166349,100426.03413045
0.00000000,5.69471425,-0.03105857,95.11054028,-2.37250900,2604.23400276,-157.04917322,98983.10011787
0.00000000,5.67248453,-0.03241495,94.35038208,-2.37302300,2571.42919874,-148.62131777,97268.89762799
-0.00000000,5.64989371,-0.03422044,93.61768657,-2.60796412,2542.55064939,-174.43577402,95861.90478396
0.00000000,5.62702431,-0.03164598,92.86708051,-2.39451593,2511.70038325,-161.44384833,94292.91925845
0.00000000,5.60584981,-0.02974164,92.16826519,-2.33095363,2484.54446920,-162.43335346,93051.77226794
0.00000000,5.58426820,-0.02578502,91.44020986,-2.08216416,2454.74958676,-158.84870364,91558.18405527
0.00000000,5.56215541,-0.02893567,90.68192156,-2.30653063,2422.43716861,-166.59821875,89847.05010617
-0.00000000,5.54073508,-0.02793712,89.95823804,-2.34879483,2393.34910850,-173.33649124,88419.77258417
0.00000000,5.51825613,-0.02172150,89.22516179,-1.97241099,2363.27799139,-152.84640915,86807.07547669
-0.00000000,5.49741430,-0.01631118,88.55467114,-1.85827232,2336.54061449,-157.43013077,85502.78179560
-0.00000000,5.47552963,-0.01550951,87.81641936,-1.72146800,2306.58605116,-134.76234736,84056.17534014
-0.00000000,5.45262781,-0.01449311,87.05552035,-1.60448123,2274.93412596,-113.04331824,82466.99237901
0.00000000,5.43131177,-0.01374915,86.37467436,-1.50062143,2248.65251359,-100.68370225,81199.89387407
-0.00000000,5.40955000,-0.01337671,85.68541989,-1.64599226,2222.85858750,-118.11173284,80075.58013363
0.00000000,5.38808608,-0.01877483,85.01007175,-1.81774637,2196.52816609,-124.52610913,78829.63428645
0.00000000,5.36669173,-0.01293260,84.33973756,-1.53275373,2169.62139242,-110.73139267,77399.53535013
-0.00000000,5.34517661,-0.01332647,83.65540109,-1.54118985,2143.72569135,-101.08322312,76201.32686163
0.00000000,5.32372370,-0.01169841,82.98511575,-1.45081293,2118.03876255,-97.41545708,74968.05724881
0.00000000,5.30231145,-0.00741041,82.28260599,-1.10725120,2089.12791544,-77.93329298,73456.21080228
0.00000000,5.28147610,-0.00201748,81.59605041,-0.84545549,2062.04278566,-63.84256666,72143.77170407
-0.00000000,5.26084388,0.00242574,80.93088485,-0.56620303,2035.68587929,-45.40898183,70816.88293756
-0.00000000,5.24031818,0.00759404,80.25477776,-0.22724561,2008.73739608,-25.12745563,69531.61313363
-0.00000000,5.22076496,0.00452967,79.64255971,-0.39018392,1985.57850746,-34.77482000,68436.08322301
0.00000000,5.20084126,0.00309350,79.01614866,-0.32447316,1962.15054992,-27.15525915,67402.36793873
-0.00000000,5.18039881,0.00234428,78.35555513,-0.40747399,1937.01635454,-35.46180938,66276.57872454
-0.00000000,5.15987325,-0.00222177,77.70852165,-0.68686481,1911.61855942,-59.76933320,65020.76423662
-0.00000000,5.14034765,-0.00570134,77.11091519,-0.80609199,1889.09346960,-65.80393643,63969.46078384
0.00000000,5.12124989,-0.00288960,76.53436023,-0.67536875,1868.34720564,-57.56822668,63051.66417878
-0.00000000,5.10140627,0.00108658,75.94436507,-0.48774232,1846.43604490,-49.37612987,62043.23770373
-0.00000000,5.08182964,-0.00135816,75.35025356,-0.47599687,1824.21110293,-41.40758456,60984.57603050
-0.00000000,5.06172758,-0.00317427,74.75169754,-0.62143543,1802.54137016,-51.81797972,60025.06666822
0.00000000,5.04147328,-0.00489760,74.14964865,-0.73488115,1780.63322587,-58.98992073,59023.74417759
-0.00000000,5.02206171,-0.01119469,73.55715136,-1.04061903,1758.43305280,-64.26617593,57982.96908193
0.00000000,5.00301565,-0.01384637,72.98218701,-0.97019402,1737.92008876,-50.84803062,57124.03649454
0.00000000,4.98415430,-0.01598013,72.41068810,-1.04518876,1717.10374717,-52.84733124,56203.19553586
-0.00000000,4.96462861,-0.01985351,71.82176841,-1.19353565,1695.40651886,-58.94633000,55221.72251002
0.00000000,4.94554268,-0.02163728,71.27698500,-1.32558378,1676.95432052,-70.38105769,54444.54523512
-0.00000000,4.92783076,-0.02030489,70.72402737,-1.18259076,1656.35977313,-60.77940663,53495.82744565
-0.00000000,4.91038977,-0.01630724,70.22040568,-1.11211271,1638.47991895,-62.27656790,52699.91719085
-0.00000000,4.89116927,-0.01821856,69.67783026,-1.13193857,1619.43196075,-58.41571126,51873.79073846
-0.00000000,4.87170803,-0.01708355,69.10110191,-1.02616885,1598.80219305,-47.47270269,50986.11579172
-0.00000000,4.85276003,-0.01183308,68.54192617,-0.85197117,1578.28385708,-42.52902472,50030.18192715
0.00000000,4.83478396,-0.01281363,68.03367661,-0.85445442,1560.94616887,-39.61322118,49329.46293871
-0.00000000,4.81614041,-0.00890994,67.49317916,-0.53746236,1541.87200121,-16.31037839,48521.00786798
0.00000000,4.79763438,-0.01031425,66.95949356,-0.60580546,1523.62171652,-17.13007022,47786.58256497
-0.00000000,4.77943117,-0.00761485,66.43383074,-0.44008129,1504.92509124,-7.78637658,46953.93472303
-0.00000000,4.76170461,-0.00707827,65.93051493,-0.52998280,1487.62128340,-19.20917152,46229.09868324
-0.00000000,4.74333397,0.00011471,65.41701125,-0.23716674,1470.38079621,-7.25623388,45540.62489560
0.00000000,4.72586619,0.00086434,64.91645439,-0.05487995,1452.85996912,7.42165790,44787.79632174
0.00000000,4.70850782,0.00247394,64.42193073,0.11248151,1435.81107614,19.91167187,44075.44669871
-0.00000000,4.68950629,0.00040833,63.90304989,0.06925799,1418.70390686,20.04928163,43410.82857621
-0.00000000,4.67109084,-0.00025487,63.38301573,0.11461119,1400.86469075,25.47213907,42664.64274301
-0.00000000,4.65420923,-0.00510471,62.91335216,-0.15018103,1384.98562076,9.98089948,41989.51728374
-0.00000000,4.63615954,-0.00478733,62.39419202,-0.09557182,1366.63563935,15.51240882,41189.59410516
-0.00000000,4.61898418,-0.00692828,61.91469337,-0.17997076,1350.74454557,13.11858794,40574.80449553
0.00000000,4.60198746,-0.01039135,61.43866427,-0.14060713,1334.57634866,21.94840397,39898.19099902
-0.00000000,4.58452604,-0.00845969,60.94975051,-0.06384796,1318.32359891,25.11223251,39264.23682699
0.00000000,4.56684227,-0.01049070,60.47423034,-0.15253382,1302.71624979,21.33396908,38641.00931402
0.00000000,4.54997303,-0.00842907,60.01477624,-0.05218015,1287.15253850,26.79567206,37973.43471982
0.00000000,4.53253885,-0.00717145,59.55245544,-0.02681567,1272.54762997,26.73739903,37419.76048501
0.00000000,4.51488359,-0.00327233,59.05812542,0.06678610,1256.22556047,29.88508920,36778.40899061
0.00000000,4.49860078,-0.00215643,58.63172683,0.04895550,1242.09281294,26.57355115,36190.92997967
-0.00000000,4.48179328,0.00163915,58.19387878,0.35861645,1228.49230373,43.42096745,35693.21408131
-0.00000000,4.46485841,0.00086108,57.75689885,0.25854517,1215.13569557,35.14755000,35209.58286993
-0.00000000,4.44824052,0.00205141,57.31604787,0.32083534,1201.21246959,35.45904684,34680.64320500
0.00000000,4.43208713,0.00638735,56.87421113,0.49860316,1186.58843262,45.23826910,34114.32625277
-0.00000000,4.41562768,0.00548787,56.42393833,0.45358269,1171.58062803,40.46744083,33475.13253718
0.00000000,4.39863348,0.00535587,55.97398116,0.39883463,1157.29449198,31.57182579,32940.78549698
0.00000000,4.38272515,0.00655585,55.54235243,0.39078829,1143.62485934,30.78536970,32407.77022137
-0.00000000,4.36702756,0.00332016,55.12410598,0.22056364,1129.82535259,20.79649876,31852.73631428
-0.00000000,4.35042362,0.00554888,54.68716555,0.33532375,1115.56299104,25.46883555,31279.52764041
-0.00000000,4.33438861,0.00310044,54.25903619,0.25766523,1102.06730778,24.52581756,30783.12909827
0.00000000,4.31771049,0.00052259,53.82321393,0.18153029,1087.74640475,19.92068274,30199.59306896
0.00000000,4.30116865,-0.00013725,53.39390196,0.12764209,1073.95820747,15.76399963,29646.18344944
-0.00000000,4.28467522,0.00236336,52.97502610,0.21311715,1061.34330996,18.51066802,29192.51865839
-0.00000000,4.26905119,0.00369255,52.58382039,0.29344872,1049.85973429,23.00866174,28802.96938532
0.00000000,4.25368209,0.00166336,52.17893919,0.10226876,1037.37515546,11.35046960,28360.27850006
-0.00000000,4.23736001,0.00312051,51.77252540,0.18533869,1025.43266875,15.11987945,27950.21565469
0.00000000,4.22200889,0.00198925,51.37983423,0.14059567,1013.48273183,16.81488964,27513.70170558
0.00000000,4.20603658,0.00593157,50.98739240,0.30592129,1002.02025557,26.34310678,27115.90425534
-0.00000000,4.19111238,0.00697415,50.62639464,0.30287093,991.40835481,23.82891863,26726.08066939
0.00000000,4.17592826,0.01179025,50.25180246,0.46194199,980.41988815,31.03238646,26342.05604648
-0.00000000,4.16074604,0.00623195,49.86735095,0.27471911,968.73703052,25.63984020,25901.00754352
0.00000000,4.14601694,0.00607357,49.49959324,0.27777385,958.07420412,26.09120591,25536.33733499
0.00000000,4.13009307,0.00486378,49.09346742,0.27505605,945.33870484,28.57177912,25034.94617199
-0.00000000,4.11546976,0.00446689,48.70938683,0.27483612,933.19805597,27.92570299,24573.36998984
0.00000000,4.10101013,0.00435261,48.34779990,0.26100090,922.14112727,24.98701249,24150.55787416
0.00000000,4.08600801,0.00562465,47.97285455,0.23265707,910.83636513,20.35070939,23723.37145427
0.00000000,4.07105256,0.00841221,47.59262748,0.32709895,899.25975276,22.06366779,23305.51977662
-0.00000000,4.05666593,0.00767557,47.24011662,0.22548788,888.88072981,14.55258701,22933.77502058
-0.00000000,4.04116366,0.00449034,46.86330475,0.09264434,877.90611757,8.70845258,22548.94167599
-0.00000000,4.02644112,0.00300729,46.52093826,0.06844555,868.42057077,9.55520881,22240.31214813
0.00000000,4.01150974,0.00158274,46.14452666,0.06322210,857.05240136,9.65249381,21809.61283095
-0.00000000,3.99734455,0.00414074,45.79241985,0.13846574,846.96311765,11.96213165,21460.70819378
0.00000000,3.98329941,0.00540368,45.45988712,0.17315502,837.49809027,10.44423006,21125.94743137
0.00000000,3.96858599,0.00619101,45.09538572,0.18054073,826.58770615,9.16817812,20716.87637405
0.00000000,3.95437803,0.00855315,44.75171180,0.17303731,817.03626091,6.19167083,20413.04925732
-0.00000000,3.93945801,0.00814931,44.39656697,0.12798162,806.83630314,5.06325031,20057.94004600
0.00000000,3.92505110,0.00676494,44.06884804,0.01563955,798.04925972,-2.05730154,19775.41856785
-0.00000000,3.91068234,0.00658473,43.73625135,0.05497837,788.96698147,1.87317178,19473.72338248
0.00000000,3.89693818,0.00537376,43.41029540,0.05182544,779.75675716,4.27565661,19157.66466820
0.00000000,3.88323467,0.00451872,43.09366740,-0.00083082,771.26377382,-0.22138755,18890.42675241
0.00000000,3.86971915,0.00391960,42.78146027,-0.01007942,762.50790071,-0.51987889,18589.80536261
-0.00000000,3.85561766,0.00376199,42.46325259,0.00359075,753.92568606,0.37439945,18310.80324480
0.00000000,3.84245564,0.00299996,42.15071789,-0.05811623,745.19738450,-4.61510651,18010.99306903
0.00000000,3.82885205,0.00277613,41.85591671,-0.02334042,737.36530517,-2.09184336,17750.43821654
0.00000000,3.81461434,0.00245770,41.53670647,-0.01181566,728.65315684,-0.36140808,17454.83668267
-0.00000000,3.80075458,0.00341797,41.21131217,0.08712570,719.63145767,5.83742644,17155.93893485
-0.00000000,3.78704735,0.00236143,40.89929656,0.02165203,711.20897990,1.10917749,16876.59139790
0.00000000,3.77364787,0.00218961,40.59096935,-0.01758989,702.83861570,-1.26003310,16600.37918780
-0.00000000,3.76071128,0.00269259,40.30585126,0.02684993,695.52419348,1.69843204,16376.07555120
-0.00000000,3.74797851,0.00556390,40.02669854,0.16499660,688.15189519,7.80939302,16145.31862291
0.00000000,3.73494767,0.00427977,39.73556322,0.15733224,680.35235975,8.36386454,15888.05216372
-0.00000000,3.72187555,0.00699528,39.43892372,0.20719710,672.14098044,8.95037502,15611.94667744
-0.00000000,3.70842527,0.00795781,39.14108726,0.25957277,664.29468372,11.17871201,15367.66533411
0.00000000,3.69588354,0.00630439,38.87466964,0.18447783,657.52168228,7.79170868,15154.24021986
0.00000000,3.68211716,0.00791318,38.56422354,0.23309785,649.08795934,9.08701637,14870.93871488
0.00000000,3.66918111,0.00706547,38.28516153,0.22263092,642.04279457,8.99402373,14659.52035355
-0.00000000,3.65602834,0.00784108,37.98703414,0.24672701,633.91567088,10.25889690,14391.52669672
0.00000000,3.64274819,0.00902567,37.70202516,0.27865912,626.48955106,10.59761201,14156.43917232
0.00000000,3.62940496,0.00900523,37.42522126,0.30301803,619.77876904,13.02182342,13963.10991740
-0.00000000,3.61678272,0.00911465,37.15497328,0.26209189,612.85930833,9.94636593,13747.25326704
0.00000000,3.60465413,0.00809571,36.88488504,0.22123167,605.84320994,8.34694421,13534.13728337
-0.00000000,3.59171556,0.00808458,36.60898218,0.24903557,599.02686044,9.84189858,13340.15437616
-0.00000000,3.57940919,0.00857186,36.36079441,0.26812685,593.00659864,10.75581989,13162.73598172
0.00000000,3.56722290,0.00765132,36.09025796,0.24996703,585.88867381,9.98046595,12942.20184001
-0.00000000,3.55486958,0.00660707,35.83501623,0.20237824,579.61411501,7.12421939,12757.48573024
0.00000000,3.54210931,0.00504267,35.57152610,0.20264112,573.17115895,8.38708317,12565.82877644
-0.00000000,3.52952819,0.00493633,35.29495407,0.21947271,565.84152103,9.28253002,12329.42605750
-0.00000000,3.51721947,0.00557606,35.02843633,0.20821001,559.01932418,8.96183233,12121.01125895
-0.00000000,3.50474851,0.00805455,34.75510785,0.27470206,551.88670636,10.34288284,11899.24978641
-0.00000000,3.49259439,0.00832265,34.49369071,0.27398929,545.24171773,9.56896484,11694.33067942
0.00000000,3.48113282,0.00869871,34.25226991,0.24833354,539.36664676,7.46056676,11525.44358491
-0.00000000,3.46879572,0.00738283,33.98787881,0.14625643,532.58148969,2.88564247,11316.34593242
-0.00000000,3.45743437,0.00598732,33.75582193,0.13187947,527.05289404,3.29399603,11159.45857866
0.00000000,3.44521010,0.00398259,33.50691660,0.03550764,521.05454922,-1.07860919,10986.03115156
0.00000000,3.43333310,0.00196165,33.26533991,-0.03773593,515.25104226,-3.97947466,10816.38175051
0.00000000,3.42112285,0.00406143,33.01873785,0.00747454,509.50732182,-2.41298825,10656.83516271
0.00000000,3.40882719,0.00493163,32.77031482,0.02354976,503.59953522,-2.81572789,10488.99213613
0.00000000,3.39683581,0.00390568,32.53911977,-0.04751359,498.14131060,-6.26559097,10331.89565981
-0.00000000,3.38460529,0.00329712,32.29454641,-0.05394335,492.37922234,-5.29876185,10169.63847487
-0.00000000,3.37202940,0.00142743,32.03629786,-0.12088373,486.35359504,-6.69274922,10004.55072461
-0.00000000,3.36014628,0.00324765,31.80390941,-0.08976789,481.07339845,-5.93748860,9865.21989423
0.00000000,3.34854383,0.00618006,31.57006588,-0.02440918,475.40606586,-4.13878411,9698.92996511
0.00000000,3.33724846,0.00266057,31.34390824,-0.11332893,470.11139379,-7.53400324,9550.48553779
0.00000000,3.32566594,0.00038966,31.10905501,-0.18079241,464.50764030,-9.72879998,9389.26357047
0.00000000,3.31410473,-0.00267293,30.87331979,-0.26678370,458.94734169,-12.85511398,9238.04544025
-0.00000000,3.30326359,-0.00008077,30.65712839,-0.19089149,453.73715085,-10.80971789,9086.63097841
-0.00000000,3.29224270,-0.00100112,30.43294229,-0.22247567,448.63904681,-12.02353860,8952.83670422
-0.00000000,3.28050362,-0.00172789,30.19866784,-0.25597560,443.19636266,-12.67498444,8804.90561520
0.00000000,3.26950022,-0.00139828,29.98972948,-0.21001605,438.67312023,-10.73359076,8689.13830798
-0.00000000,3.25827054,-0.00077210,29.77482287,-0.18045405,433.85603168,-8.73394901,8558.29510812
-0.00000000,3.24804892,-0.00175496,29.58400601,-0.20219818,429.67519445,-9.37882974,8449.55813131
0.00000000,3.23700279,-0.00273782,29.37369032,-0.23217207,424.94214611,-10.33784660,8322.38615186
0.00000000,3.22593703,-0.00530844,29.15295940,-0.30087393,419.77426475,-12.31947843,8179.63980702
0.00000000,3.21431114,-0.00527599,28.93523454,-0.30677413,415.05171819,-12.41058844,8058.39714800
0.00000000,3.20376791,-0.00650734,28.73598498,-0.33007162,410.74594074,-12.61778965,7948.31226760
0.00000000,3.19280601,-0.00606888,28.52636614,-0.31024409,405.92468188,-11.69582066,7817.09954926
-0.00000000,3.18261241,-0.00649982,28.32582826,-0.28938829,401.46711688,-10.18860577,7704.77014929
-0.00000000,3.17244683,-0.00881740,28.14065067,-0.34541096,397.42804996,-12.07008893,7594.76501199
0.00000000,3.16169095,-0.00891227,27.94279690,-0.31900794,393.24377056,-9.92451321,7492.10253777
0.00000000,3.15109975,-0.00862696,27.74132223,-0.30181259,388.76858677,-10.10485933,7371.78681677
-0.00000000,3.14143342,-0.01013497,27.55996714,-0.31627372,384.79940428,-9.56659015,7269.87575326
0.00000000,3.13079224,-0.00863028,27.36216754,-0.28280997,380.52478692,-8.08678635,7161.87139201
0.00000000,3.12037850,-0.00815665,27.16270734,-0.27288244,376.13016585,-7.66333931,7047.49064138
-0.00000000,3.10937186,-0.00903143,26.95497783,-0.30543641,371.53371322,-8.59501083,6925.19724210
-0.00000000,3.09913807,-0.00827459,26.76557970,-0.29302907,367.53866484,-8.03600216,6828.86769112
-0.00000000,3.08812895,-0.00837497,26.56659269,-0.27595344,363.38129198,-6.68112107,6728.25439772
0.00000000,3.07801130,-0.01013304,26.37069836,-0.30925231,359.12130429,-6.50743877,6624.82623683
-0.00000000,3.06789817,-0.00784997,26.18013609,-0.22700025,354.90373649,-4.58447419,6511.86118578
-0.00000000,3.05702539,-0.00667664,25.98909804,-0.18557331,350.89746062,-3.62303928,6408.49389003
0.00000000,3.04719800,-0.00637050,25.80673008,-0.18747202,346.94499630,-4.40681527,6305.44904731
0.00000000,3.03692195,-0.00805014,25.61860343,-0.25392296,342.94332496,-6.29024638,6202.97973498
-0.00000000,3.02682330,-0.00960805,25.43219169,-0.29480164,338.92008825,-7.35903312,6101.35444803
0.00000000,3.01663402,-0.00947975,25.24426414,-0.26705218,334.96445188,-5.83047491,6003.41350860
0.00000000,3.00624360,-0.01129034,25.05642003,-0.30126214,331.02904364,-6.10822031,5904.54125026
-0.00000000,2.99620852,-0.01046837,24.87092339,-0.28122592,326.96791680,-5.78698325,5794.91709298
-0.00000000,2.98596849,-0.01106899,24.68947691,-0.29756648,323.19210187,-6.71559649,5699.96223991
0.00000000,2.97648490,-0.01091082,24.52911239,-0.29507281,320.01387525,-6.86063216,5621.84715025
0.00000000,2.96661231,-0.01064537,24.35420653,-0.31231754,316.41961743,-7.95198809,5533.53490508
0.00000000,2.95723475,-0.01027785,24.18894102,-0.28605576,312.99043896,-6.93240571,5448.32514554
0.00000000,2.94806543,-0.00928758,24.02809553,-0.27213912,309.69674605,-6.89927726,5368.06603246
-0.00000000,2.93878366,-0.00849911,23.86480479,-0.23732636,306.48728679,-5.33716694,5299.32849678
-0.00000000,2.92882581,-0.00656745,23.69044842,-0.15764861,302.90368637,-2.67215251,5211.72867610
0.00000000,2.91904397,-0.00732961,23.51909800,-0.17103886,299.40564401,-2.54844713,5126.80529499
0.00000000,2.90918223,-0.00803418,23.34793367,-0.17987999,295.94053771,-2.81057599,5042.34858099
-0.00000000,2.89893766,-0.00891794,23.16946066,-0.21543530,292.39480238,-3.69517209,4961.27138718
0.00000000,2.89009698,-0.00819795,23.01911197,-0.19718158,289.42784833,-3.39952522,4891.49703394
-0.00000000,2.88064383,-0.00584922,22.85343107,-0.14561876,286.15550224,-2.12360403,4815.07905954
-0.00000000,2.87141151,-0.00441201,22.69827033,-0.09502599,283.09376741,-0.22103297,4741.88736118
0.00000000,2.86233726,-0.00395160,22.54334686,-0.09729443,280.11062965,-0.45840746,4676.71164169
0.00000000,2.85305344,-0.00367098,22.37940741,-0.09538495,276.84730883,-0.54220955,4599.51485402
-0.00000000,2.84419271,-0.00361900,22.23362461,-0.05948522,274.07739731,0.79516469,4537.09823776
-0.00000000,2.83536290,-0.00436498,22.08568988,-0.05184197,271.38075526,1.44750872,4483.65164014
0.00000000,2.82644871,-0.00492746,21.93938588,-0.09457260,268.63614385,-0.21481754,4423.04228061
0.00000000,2.81732328,-0.00601451,21.78884417,-0.10431546,265.72463915,-0.24868008,4356.07466277
0.00000000,2.80796740,-0.00637947,21.62806272,-0.12130316,262.43962577,-0.77387280,4276.07365628
0.00000000,2.79875827,-0.00694036,21.46991582,-0.14885212,259.40188276,-1.85860389,4208.71091049
-0.00000000,2.78918330,-0.00597153,21.31146371,-0.10875776,256.31950594,-0.95577128,4137.17035608
-0.00000000,2.78058265,-0.00618335,21.17282367,-0.09843908,253.84559063,-0.15262833,4086.65910835
0.00000000,2.77153562,-0.00665261,21.02146753,-0.11818115,250.93884127,-0.83133953,4020.22066401
-0.00000000,2.76279060,-0.00794063,20.87491753,-0.15981694,248.16275996,-2.02441610,3958.47345195
-0.00000000,2.75387042,-0.00845110,20.72446612,-0.18775564,245.25755991,-3.00544207,3892.14357803
0.00000000,2.74529695,-0.01017662,20.58628781,-0.21193293,242.72693215,-2.91373435,3838.59486816
-0.00000000,2.73699618,-0.01017735,20.44881300,-0.20317718,240.02111290,-2.61275226,3774.27017158
-0.00000000,2.72856704,-0.01126645,20.31455380,-0.23238405,237.58695759,-3.34939719,3722.34570696
0.00000000,2.72045800,-0.01344935,20.18225452,-0.28386472,235.09023657,-4.51006236,3667.15720287
0.00000000,2.71208546,-0.01284610,20.04523354,-0.25436754,232.56370728,-3.62094545,3613.26975626
-0.00000000,2.70353637,-0.01189168,19.91482573,-0.24371735,230.26539091,-3.88128519,3564.53501304
-0.00000000,2.69553582,-0.01303637,19.78744977,-0.25787785,228.00555755,-3.95430095,3518.77226498
-0.00000000,2.68686955,-0.01302427,19.64864997,-0.26416423,225.43334981,-4.36346259,3461.18190133
0.00000000,2.67794777,-0.01387053,19.50829791,-0.27254402,222.97411747,-4.26903848,3411.36516404
0.00000000,2.66934796,-0.01370724,19.37114663,-0.26751350,220.48044467,-4.17723489,3358.28624212
-0.00000000,2.66049682,-0.01134971,19.22879741,-0.20405999,217.90859574,-2.46283118,3304.83653962
0.00000000,2.65204338,-0.01219557,19.09415721,-0.21660498,215.52252438,-2.62312652,3256.17153608
-0.00000000,2.64400720,-0.01206674,18.96830314,-0.20868520,213.30532305,-2.22651248,3211.64333566
0.00000000,2.63590544,-0.01103351,18.83955279,-0.18558021,211.07582665,-1.57781700,3168.37413544
-0.00000000,2.62704699,-0.01151770,18.69875923,-0.19460329,208.52455260,-1.63835570,3113.74898244
0.00000000,2.61939076,-0.01148797,18.57783551,-0.18413519,206.34281288,-1.33861693,3067.68341024
-0.00000000,2.61107949,-0.00942259,18.44424458,-0.13735442,203.97089261,-0.12381742,3019.58817520
-0.00000000,2.60318618,-0.00994322,18.31661130,-0.17215136,201.71342752,-1.47907054,2973.59307439
0.00000000,2.59482979,-0.00847326,18.18506648,-0.12642476,199.36859888,-0.19708547,2923.49325724
-0.00000000,2.58679379,-0.01004373,18.05605855,-0.16688305,197.11467649,-1.56309216,2879.67160635
0.00000000,2.57859821,-0.00970428,17.93029077,-0.16098117,194.93101941,-1.40572437,2835.58688962
0.00000000,2.57004538,-0.00900597,17.80325297,-0.15057682,192.79394258,-1.07759031,2792.75644608
-0.00000000,2.56280405,-0.00870052,17.69365724,-0.15278457,190.91555466,-1.42097333,2755.52407853
-0.00000000,2.55526727,-0.00775653,17.57766136,-0.12648420,188.94008339,-0.71098741,2717.49501503
-0.00000000,2.54736010,-0.00773758,17.45974016,-0.10897038,186.96564941,0.28915884,2680.10924149
-0.00000000,2.53932817,-0.00790163,17.33841478,-0.11948652,184.93407156,-0.05383209,2641.03359164
0.00000000,2.53143161,-0.00936956,17.22004188,-0.15739283,182.97112815,-1.06007514,2601.54766226
-0.00000000,2.52365262,-0.00784829,17.09949748,-0.13840023,180.87466223,-1.14403426,2559.87338824
0.00000000,2.51560120,-0.00772534,16.97967570,-0.13178206,178.89887781,-0.80815764,2523.65346618
-0.00000000,2.50775647,-0.00751868,16.86289919,-0.13129250,176.96512653,-0.79625418,2486.70883488
-0.00000000,2.50049552,-0.00864704,16.75668033,-0.15728573,175.22451219,-1.30097433,2453.40867860
-0.00000000,2.49314086,-0.00722846,16.64601898,-0.13821023,173.40015536,-1.10371099,2419.61016673
0.00000000,2.48556091,-0.00862812,16.53175671,-0.18237901,171.45361864,-2.27767743,2381.42717173
0.00000000,2.47817846,-0.00945484,16.41716178,-0.20851586,169.50578831,-3.14311147,2343.56242681
0.00000000,2.47019042,-0.00914342,16.30167850,-0.21682404,167.67068443,-3.74728926,2310.09969295
-0.00000000,2.46234481,-0.00930193,16.19118779,-0.20307777,165.97569575,-3.14143461,2280.87059125
0.00000000,2.45502235,-0.00879485,16.08463028,-0.18949180,164.25103387,-2.79468277,2247.50132448
0.00000000,2.44763563,-0.00968817,15.97669448,-0.21977448,162.55347000,-3.35313682,2217.81764261
0.00000000,2.44030188,-0.00920724,15.86741031,-0.21421023,160.77459022,-3.38476817,2185.31736523
-0.00000000,2.43303645,-0.01024617,15.76326791,-0.23987381,159.08309362,-4.19673551,2153.02746132
0.00000000,2.42565997,-0.00904903,15.65861447,-0.19617510,157.42281926,-2.98920498,2122.93638235
-0.00000000,2.41836835,-0.00904769,15.55175318,-0.21230801,155.70881467,-3.81564105,2090.47847919
0.00000000,2.41109044,-0.01051933,15.44675969,-0.23880361,154.04074869,-4.34948398,2060.32103351
0.00000000,2.40431340,-0.00936648,15.34559269,-0.19784317,152.39167096,-3.19029390,2028.83713817
0.00000000,2.39698621,-0.01015143,15.23978052,-0.21692440,150.70284492,-3.67588905,1996.91582743
-0.00000000,2.38976502,-0.00860336,15.13742864,-0.17541033,149.10284095,-2.50777504,1968.40695441
-0.00000000,2.38281087,-0.00841383,15.04045595,-0.17970034,147.62013162,-2.73568022,1942.65762750
0.00000000,2.37576724,-0.00914260,14.93604025,-0.17092442,145.92690027,-2.25528376,1910.02564417
-0.00000000,2.36885856,-0.00954308,14.83558486,-0.18106436,144.31068648,-2.51232259,1880.41217172
-0.00000000,2.36151185,-0.00900280,14.73175126,-0.16449211,142.68964958,-2.10454191,1850.51292672
0.00000000,2.35458663,-0.00855811,14.63611262,-0.17311300,141.22155050,-2.66063834,1823.71173529
-0.00000000,2.34770683,-0.00898609,14.53445368,-0.18716639,139.57893334,-3.07994241,1792.46416468
0.00000000,2.34058038,-0.01002280,14.43229316,-0.20513048,138.02517421,-3.28725648,1765.47638827
-0.00000000,2.33337052,-0.01002384,14.33118004,-0.20286183,136.48491928,-3.26440479,1738.19374875
0.00000000,2.32694976,-0.00939183,14.24092420,-0.19161268,135.09454566,-3.02754403,1713.62754590
0.00000000,2.32008292,-0.00880421,14.14457745,-0.17990774,133.60927865,-2.63344306,1687.08537514
-0.00000000,2.31354952,-0.00762289,14.05345272,-0.15700578,132.23658449,-2.27933225,1662.91873880
-0.00000000,2.30676870,-0.00880699,13.96002387,-0.17751291,130.84630927,-2.62574572,1638.66427497
-0.00000000,2.30004828,-0.00758046,13.86736141,-0.13626135,129.44599903,-1.53009323,1614.33307753
-0.00000000,2.29316104,-0.00903813,13.77374570,-0.16114518,128.06859002,-1.92945090,1590.59316788
-0.00000000,2.28621469,-0.00971443,13.67949191,-0.17489845,126.66632499,-2.27943328,1566.96492804
0.00000000,2.27941779,-0.00973838,13.58340070,-0.17025170,125.15830905,-1.82355042,1539.94173785
-0.00000000,2.27295127,-0.00935733,13.49319579,-0.16247292,123.79389129,-1.71620321,1516.48247759
-0.00000000,2.26662669,-0.00862306,13.40504974,-0.14577840,122.46105058,-1.31816399,1493.04070184
0.00000000,2.26029027,-0.00856563,13.32378741,-0.14687789,121.32720084,-1.54797818,1474.01323077
-0.00000000,2.25359192,-0.00920471,13.23340884,-0.14468658,119.99178293,-1.25473136,1451.48766679
0.00000000,2.24665648,-0.00897371,13.14043580,-0.13991693,118.66831871,-1.07290629,1430.43516217
0.00000000,2.23990754,-0.00850357,13.05174034,-0.12824491,117.41314338,-1.02237942,1409.66616029
0.00000000,2.23317124,-0.00870459,12.96124859,-0.12394794,116.08187412,-0.90703100,1386.96620006
0.00000000,2.22674723,-0.00978708,12.87478306,-0.14845197,114.74905663,-1.51038953,1362.12336316
-0.00000000,2.22007891,-0.00960788,12.78877967,-0.15952308,113.57979922,-1.97839820,1344.18657485
0.00000000,2.21353815,-0.01033871,12.70341312,-0.17861593,112.36272130,-2.37172726,1323.61840233
0.00000000,2.20732762,-0.00923790,12.61988581,-0.15785728,111.11388594,-2.04164737,1301.97173320
0.00000000,2.20087802,-0.01000670,12.53241033,-0.17345159,109.80678628,-2.48748564,1279.21753944
0.00000000,2.19450698,-0.01060589,12.44670041,-0.18564739,108.59616309,-2.77986884,1260.34410221
-0.00000000,2.18820814,-0.01103966,12.36339351,-0.18907009,107.40338895,-2.79792101,1240.69364904
0.00000000,2.18201342,-0.01124641,12.28106271,-0.18781814,106.22558319,-2.81855413,1221.54118649
0.00000000,2.17584452,-0.01110567,12.19845399,-0.18412308,105.05165202,-2.67414166,1202.71193521
0.00000000,2.16984342,-0.01158194,12.12132185,-0.18586066,104.03145114,-2.68144387,1187.60226779
0.00000000,2.16336614,-0.01164885,12.03841921,-0.18747916,102.90605568,-2.70492926,1170.48609036
-0.00000000,2.15729913,-0.01124152,11.95897002,-0.18156406,101.74299929,-2.63144280,1150.36362799
-0.00000000,2.15099205,-0.01037489,11.87824463,-0.16634346,100.63690200,-2.39233165,1132.67811891
-0.00000000,2.14491823,-0.01062997,11.80059447,-0.17190024,99.54519422,-2.50209582,1114.97417652
-0.00000000,2.13906402,-0.01083534,11.72699128,-0.17688363,98.54893608,-2.63047275,1099.37133329
-0.00000000,2.13307073,-0.01077510,11.65159057,-0.17010775,97.54601439,-2.45276791,1084.12607381
-0.00000000,2.12724316,-0.01180960,11.58187422,-0.18568345,96.66546116,-2.64155053,1071.73893858
-0.00000000,2.12154496,-0.01021060,11.50996495,-0.16418720,95.70063148,-2.36703315,1056.82146636
0.00000000,2.11580499,-0.01006255,11.43403636,-0.18189491,94.64860794,-3.07193371,1040.16187846
0.00000000,2.10999924,-0.00996729,11.36112272,-0.18138960,93.67952754,-3.00561801,1025.04137125
0.00000000,2.10431903,-0.00953367,11.28746946,-0.17105497,92.67503970,-2.72577907,1009.53303867
-0.00000000,2.09868081,-0.00891638,11.21573748,-0.15654225,91.69492860,-2.46785011,993.96848356
0.00000000,2.09295957,-0.00838413,11.14262699,-0.14933227,90.72688568,-2.29063010,979.81630790
-0.00000000,2.08744377,-0.00848944,11.07141453,-0.15600625,89.74826430,-2.51515020,964.32701624
-0.00000000,2.08172101,-0.00859610,10.99962146,-0.14798440,88.79719917,-2.30202882,949.70391747
-0.00000000,2.07600434,-0.00933459,10.92824476,-0.15955638,87.86952695,-2.50607210,935.94913249
0.00000000,2.07028648,-0.01014152,10.85833246,-0.16699053,86.97121462,-2.56654873,922.67960636
0.00000000,2.06431647,-0.00965414,10.78859780,-0.16093747,86.11545899,-2.47383220,910.88258884
0.00000000,2.05845843,-0.01066335,10.71723928,-0.17090408,85.19043630,-2.56547841,897.15144215
0.00000000,2.05284914,-0.01004013,10.64860971,-0.15465660,84.32533840,-2.30794482,884.75463019
-0.00000000,2.04718537,-0.01000862,10.57883078,-0.14996484,83.42241502,-2.20484634,871.54102477
-0.00000000,2.04197602,-0.01114582,10.51717804,-0.17527569,82.65411363,-2.72643768,860.87061520
0.00000000,2.03648911,-0.01088593,10.45068849,-0.16923092,81.79371389,-2.62973586,848.11643447
-0.00000000,2.03103037,-0.01087875,10.38343809,-0.17148321,80.94430367,-2.67886363,836.18959436
0.00000000,2.02547719,-0.01041793,10.31778775,-0.17073083,80.12740973,-2.87336585,824.59998631
-0.00000000,2.02011646,-0.00987367,10.25549966,-0.15825058,79.36096788,-2.67276700,813.89433727
-0.00000000,2.01499787,-0.00891708,10.19293430,-0.13806336,78.58793071,-2.29181794,803.17616847
-0.00000000,2.00923262,-0.00772639,10.12231900,-0.12138733,77.67623449,-2.03447059,789.68038899
-0.00000000,2.00341498,-0.00745239,10.05461822,-0.11366545,76.82221449,-1.90631894,776.99107458
0.00000000,1.99837655,-0.00701549,9.99363778,-0.10233489,76.03529711,-1.59650182,765.25377742
-0.00000000,1.99315168,-0.00715209,9.93019018,-0.10382902,75.20913906,-1.58751936,752.85581598
-0.00000000,1.98782040,-0.00716019,9.86733969,-0.10281954,74.42247795,-1.53800748,741.53386443
0.00000000,1.98264961,-0.00811444,9.80375505,-0.12268201,73.62000760,-1.93584328,730.36864626
-0.00000000,1.97734240,-0.00902706,9.74216976,-0.13321693,72.89742031,-2.08506738,720.98699990
0.00000000,1.97198147,-0.00891311,9.67911082,-0.13119195,72.12598048,-1.99147748,710.23536511
-0.00000000,1.96707865,-0.00867512,9.61823853,-0.12357327,71.36339026,-1.85670841,699.66416049
0.00000000,1.96231159,-0.00910908,9.56379526,-0.13439238,70.74370742,-2.13782290,691.98906217
0.00000000,1.95721250,-0.00811822,9.50231186,-0.11767034,69.99971630,-1.83432094,681.89067795
-0.00000000,1.95195484,-0.00867391,9.44052505,-0.11918319,69.23104951,-1.76581436,670.80878648
0.00000000,1.94713526,-0.00896454,9.38375288,-0.12415276,68.56450763,-1.85400217,662.17507694
-0.00000000,1.94220435,-0.01001206,9.32492679,-0.14370190,67.84992541,-2.22319103,652.36176811
0.00000000,1.93719042,-0.00949089,9.26703934,-0.14529012,67.16429695,-2.35181552,643.24621041
0.00000000,1.93211507,-0.00883277,9.20666335,-0.13328107,66.43255630,-2.16656591,633.11062605
-0.00000000,1.92699317,-0.00816087,9.14634625,-0.11692469,65.69911046,-1.85569935,623.02443669
-0.00000000,1.92201961,-0.00817982,9.09033171,-0.12068896,65.04199188,-1.89627567,614.20148884
-0.00000000,1.91700401,-0.00702646,9.03174226,-0.10488471,64.34785641,-1.65308659,604.97065804
0.00000000,1.91201557,-0.00707699,8.97575998,-0.10646212,63.71898899,-1.70509419,597.14753397
0.00000000,1.90698569,-0.00688442,8.91946445,-0.09630676,63.07321930,-1.47046192,588.84003362
-0.00000000,1.90206144,-0.00753126,8.86347755,-0.10220411,62.42163442,-1.46412279,580.35484883
-0.00000000,1.89774129,-0.00737006,8.80838105,-0.09773931,61.71986324,-1.38117503,570.34808281
0.00000000,1.89324057,-0.00773176,8.75722888,-0.09246092,61.12956137,-1.16039319,562.76659473
-0.00000000,1.88843810,-0.00778169,8.70076924,-0.08767632,60.45964879,-1.00241392,553.88307113
-0.00000000,1.88343993,-0.00776931,8.64384332,-0.08955236,59.80280056,-1.07588428,545.32817689
0.00000000,1.87879008,-0.00730432,8.59265393,-0.08641539,59.22829235,-1.10097090,537.99873225
0.00000000,1.87400327,-0.00760494,8.54019832,-0.08705064,58.63607517,-1.08339474,530.38985029
-0.00000000,1.86953652,-0.00756178,8.48846989,-0.09210424,58.02925068,-1.23140355,522.45295918
0.00000000,1.86512400,-0.00762840,8.43677224,-0.09172693,57.43121409,-1.22411481,514.71045629
-0.00000000,1.86050258,-0.00743381,8.38590317,-0.08454394,56.85867321,-1.07533437,507.51458469
-0.00000000,1.85605741,-0.00683100,8.33478030,-0.07359661,56.27783629,-0.89683346,500.12944236
-0.00000000,1.85157043,-0.00653353,8.28453790,-0.06491179,55.71386095,-0.71836532,492.87364422
0.00000000,1.84706474,-0.00646932,8.23569600,-0.06232862,55.18670782,-0.67200880,486.64308119
0.00000000,1.84213659,-0.00695926,8.17950319,-0.06719138,54.54712870,-0.70208069,478.53065466
0.00000000,1.83782813,-0.00712294,8.13143752,-0.07186367,54.01477724,-0.77006981,471.80794452
-0.00000000,1.83299975,-0.00682618,8.07936893,-0.06953575,53.43199331,-0.76938334,464.42401850
0.00000000,1.82857177,-0.00688416,8.02900836,-0.06801526,52.86238156,-0.71114795,457.27273862
-0.00000000,1.82431471,-0.00713831,7.98046027,-0.06886186,52.31040061,-0.65459306,450.28683699
0.00000000,1.81987587,-0.00732215,7.93197340,-0.07377226,51.78249565,-0.75512970,444.03864782
0.00000000,1.81559644,-0.00728634,7.88519100,-0.07724761,51.26352524,-0.84477931,437.51367199
-0.00000000,1.81124082,-0.00722533,7.83942257,-0.07412194,50.77562210,-0.72087072,431.60047398
0.00000000,1.80689289,-0.00728993,7.79280489,-0.07118616,50.27120515,-0.66853831,425.49107532
0.00000000,1.80252247,-0.00759019,7.74602035,-0.07637914,49.76961507,-0.72928094,419.34106709
0.00000000,1.79813511,-0.00769230,7.69805046,-0.07854013,49.24580190,-0.81433053,412.90836467
-0.00000000,1.79353010,-0.00818781,7.65089899,-0.08172332,48.75357408,-0.81881323,407.13009415
0.00000000,1.78937970,-0.00788119,7.60756186,-0.07320841,48.30499036,-0.65796675,401.92380332
0.00000000,1.78499843,-0.00761750,7.55868250,-0.07061493,47.77172204,-0.65973946,395.37509281
-0.00000000,1.78072204,-0.00690257,7.51188703,-0.06426411,47.27656304,-0.64382344,389.69533519
0.00000000,1.77657643,-0.00706948,7.46608004,-0.06577380,46.78945802,-0.62804866,383.87370398
-0.00000000,1.77213346,-0.00690444,7.41911625,-0.06307372,46.29792827,-0.59045707,378.15867082
0.00000000,1.76764003,-0.00639101,7.37238647,-0.05460379,45.81453705,-0.48993992,372.55854471
-0.00000000,1.76351383,-0.00565097,7.33006281,-0.04676191,45.38510180,-0.39732879,367.69828260
0.00000000,1.75942113,-0.00557752,7.28800628,-0.04467818,44.96603727,-0.37256863,363.16277357
0.00000000,1.75539075,-0.00518102,7.24484860,-0.03602648,44.50729317,-0.18823135,357.77834274
0.00000000,1.75119099,-0.00615523,7.20145095,-0.04880081,44.06535087,-0.33734091,352.72268766
0.00000000,1.74680167,-0.00618373,7.15638861,-0.04690020,43.60651341,-0.29010395,347.55720347
-0.00000000,1.74274721,-0.00640590,7.11482157,-0.05000700,43.19714249,-0.32780471,343.15610878
0.00000000,1.73811016,-0.00626681,7.06754799,-0.04854253,42.70116382,-0.31296659,337.16837841
-0.00000000,1.73426098,-0.00645356,7.02677542,-0.05021372,42.28113668,-0.30133553,332.39843303
0.00000000,1.73011210,-0.00712087,6.98436010,-0.06357326,41.85730668,-0.51810909,327.70462194
-0.00000000,1.72595618,-0.00729032,6.94199516,-0.06483473,41.42842668,-0.55454094,322.76590707
0.00000000,1.72165457,-0.00663629,6.89905835,-0.05978242,41.01014739,-0.52567920,318.29501309
0.00000000,1.71768666,-0.00671187,6.85973163,-0.05660150,40.61484034,-0.43142813,313.82406480
-0.00000000,1.71356369,-0.00657142,6.81757114,-0.05805751,40.20797572,-0.48566785,309.46341955
0.00000000,1.70948125,-0.00670836,6.77603002,-0.06087459,39.79781915,-0.52696153,304.98679259
-0.00000000,1.70561544,-0.00674083,6.73645133,-0.06298612,39.39527391,-0.54032993,300.39123915
-0.00000000,1.70132307,-0.00670618,6.69264994,-0.05902709,38.95333216,-0.44913925,295.39386913
-0.00000000,1.69729475,-0.00641656,6.65258372,-0.05656206,38.56033270,-0.43552053,291.14743921
0.00000000,1.69324085,-0.00611967,6.61185961,-0.05339666,38.17191432,-0.39305332,287.16326657
-0.00000000,1.68949931,-0.00624038,6.57383224,-0.05314191,37.79473112,-0.36735410,283.06345854
0.00000000,1.68581205,-0.00630746,6.53677912,-0.05480298,37.43196821,-0.40840745,279.05291966
0.00000000,1.68223848,-0.00605781,6.49988048,-0.05211046,37.06525750,-0.37828368,275.05306506
0.00000000,1.67842728,-0.00611235,6.46133670,-0.05185030,36.68350150,-0.37251531,270.79660910
-0.00000000,1.67450075,-0.00567140,6.42292322,-0.04482621,36.32405283,-0.28581203,267.06931949
0.00000000,1.67048080,-0.00560982,6.38381580,-0.04506580,35.95439261,-0.29461548,263.20456460
-0.00000000,1.66673940,-0.00577025,6.34486236,-0.05010288,35.58071537,-0.40015977,259.33990836
-0.00000000,1.66316691,-0.00533159,6.30803200,-0.04414200,35.21350123,-0.33382139,255.32473776
-0.00000000,1.65919253,-0.00562136,6.26866728,-0.04958068,34.83916990,-0.42128296,251.35923522
-0.00000000,1.65541123,-0.00552923,6.23063762,-0.05093311,34.47756495,-0.45167123,247.59933660
-0.00000000,1.65140356,-0.00534860,6.19013895,-0.04794958,34.10142420,-0.40987199,243.81859056
-0.00000000,1.64775295,-0.00490602,6.15505446,-0.04220391,33.78221700,-0.35277995,240.69821458
-0.00000000,1.64438744,-0.00533855,6.12119668,-0.04415834,33.47549626,-0.33907813,237.72512251
0.00000000,1.64059463,-0.00577997,6.08418953,-0.05020217,33.12996557,-0.42726515,234.15178303
0.00000000,1.63688517,-0.00539292,6.04884491,-0.04645743,32.81108438,-0.37792532,230.97977977
-0.00000000,1.63328287,-0.00560827,6.01457686,-0.04839500,32.49876968,-0.38596501,227.85995056
-0.00000000,1.62965936,-0.00510948,5.97776877,-0.04435330,32.14968961,-0.35569543,224.25125276
0.00000000,1.62620334,-0.00544905,5.94265962,-0.04562402,31.82424515,-0.33573523,221.01472783
0.00000000,1.62252614,-0.00602920,5.90769133,-0.05545422,31.51513086,-0.46695300,218.08791507
0.00000000,1.61891123,-0.00624095,5.87263544,-0.05800564,31.19724759,-0.50270907,214.92891756
-0.00000000,1.61533776,-0.00589721,5.83742653,-0.05458641,30.86642060,-0.48723738,211.43847903
0.00000000,1.61156880,-0.00574805,5.80110144,-0.05515971,30.54022698,-0.51148960,208.21057162
0.00000000,1.60792880,-0.00603918,5.76729267,-0.05805798,30.25159881,-0.53229709,205.58695683
-0.00000000,1.60443402,-0.00590868,5.73239043,-0.05574808,29.92464654,-0.48773225,202.14382686
-0.00000000,1.60076898,-0.00629249,5.69621882,-0.05987391,29.59428802,-0.53278394,198.85226251
0.00000000,1.59748566,-0.00675531,5.66436847,-0.06289786,29.30538536,-0.53797099,196.00027016
-0.00000000,1.59397107,-0.00683621,5.63017894,-0.06558717,28.99306674,-0.62201189,192.90779042
0.00000000,1.59055270,-0.00677248,5.59623210,-0.06441455,28.69044937,-0.59510683,190.00972957
-0.00000000,1.58706271,-0.00595917,5.56296234,-0.05630966,28.39349370,-0.51588335,187.08062840
-0.00000000,1.58345170,-0.00594199,5.52976895,-0.05821827,28.11246230,-0.56332871,184.53619116
0.00000000,1.57984090,-0.00527936,5.49620280,-0.05162752,27.81872765,-0.50534625,181.72219691
-0.00000000,1.57638742,-0.00472349,5.46371927,-0.04686397,27.53601703,-0.46405595,179.03965698
0.00000000,1.57308406,-0.00481636,5.43207152,-0.04741868,27.25991177,-0.46305801,176.44715467
0.00000000,1.56977741,-0.00480103,5.40097270,-0.04792941,27.00055529,-0.47207088,174.10981247
-0.00000000,1.56641960,-0.00456904,5.36898133,-0.04619656,26.72224672,-0.46514524,171.47492052
-0.00000000,1.56302089,-0.00465093,5.33785965,-0.04479957,26.45972863,-0.43321263,169.12643832
-0.00000000,1.55960640,-0.00431841,5.30415194,-0.03815286,26.16076412,-0.34808967,166.29419552
-0.00000000,1.55633732,-0.00381679,5.27412678,-0.03121874,25.91647898,-0.26225876,164.19410037
-0.00000000,1.55297183,-0.00387359,5.24257676,-0.03372698,25.65098281,-0.30411312,161.81667445
0.00000000,1.54970562,-0.00399176,5.21203753,-0.03699474,25.39321498,-0.35457567,159.41778381
0.00000000,1.54662628,-0.00402115,5.18187507,-0.03774780,25.13032988,-0.35857203,156.96605485
0.00000000,1.54341978,-0.00357767,5.15156419,-0.03217748,24.87957624,-0.30350951,154.77493149
0.00000000,1.54020037,-0.00365088,5.12216422,-0.03322035,24.63876880,-0.31693029,152.63942634
-0.00000000,1.53699030,-0.00427843,5.09306625,-0.03684570,24.40063081,-0.33134690,150.53834529
0.00000000,1.53378243,-0.00396664,5.06416414,-0.03339465,24.16711065,-0.29792005,148.52131728
0.00000000,1.53073002,-0.00318548,5.03655093,-0.02675286,23.94581158,-0.24895449,146.60010883
0.00000000,1.52749527,-0.00285932,5.00724194,-0.02318470,23.69977906,-0.19786564,144.33846103
-0.00000000,1.52456238,-0.00298915,4.97953198,-0.02181051,23.47399366,-0.16195511,142.38096854
-0.00000000,1.52154680,-0.00343971,4.95144821,-0.02563154,23.24569778,-0.19041166,140.36860803
0.00000000,1.51868695,-0.00361598,4.92555946,-0.02730787,23.03656174,-0.20720318,138.53465319
0.00000000,1.51580434,-0.00363630,4.89849412,-0.02763545,22.81755294,-0.21358175,136.64095143
0.00000000,1.51265265,-0.00366471,4.86914733,-0.02790815,22.57343180,-0.20878720,134.45880645
0.00000000,1.50949195,-0.00375291,4.84060722,-0.03135495,22.34726719,-0.24130903,132.54480688
0.00000000,1.50650997,-0.00360898,4.81324557,-0.02716971,22.12662602,-0.18179757,130.62657359
0.00000000,1.50345221,-0.00380140,4.78519424,-0.02861914,21.90040967,-0.19313222,128.67070755
-0.00000000,1.50038541,-0.00393393,4.75727241,-0.03036227,21.67875075,-0.21024477,126.77211034
0.00000000,1.49732028,-0.00382266,4.73009158,-0.02639138,21.46265723,-0.14391309,124.92420350
0.00000000,1.49406289,-0.00359055,4.70092489,-0.02381484,21.22921223,-0.11492774,122.92239646
0.00000000,1.49099762,-0.00352196,4.67340177,-0.02205370,21.00948197,-0.09373539,121.02310853
0.00000000,1.48794504,-0.00398546,4.64574631,-0.02550246,20.78966587,-0.11448101,119.15302719
-0.00000000,1.48486864,-0.00424293,4.61861070,-0.02872281,20.57973883,-0.15132322,117.44578458
-0.00000000,1.48195646,-0.00390923,4.59300317,-0.02758790,20.38072507,-0.15380846,115.75402991
-0.00000000,1.47885434,-0.00364697,4.56643827,-0.02519689,20.17703271,-0.12466188,114.05308944
-0.00000000,1.47591515,-0.00363159,4.54081273,-0.02546326,19.98366255,-0.12540320,112.49713604
0.00000000,1.47280235,-0.00374004,4.51394503,-0.02767778,19.78077984,-0.16635053,110.87885610
-0.00000000,1.47012503,-0.00355856,4.49006147,-0.02542617,19.59934103,-0.14456150,109.40122828
-0.00000000,1.46714573,-0.00337218,4.46376434,-0.02273945,19.39786252,-0.11917112,107.74230903
-0.00000000,1.46428897,-0.00315911,4.43828872,-0.02137937,19.20468823,-0.11443891,106.20539550
0.00000000,1.46140019,-0.00348891,4.41302852,-0.02584054,19.01430926,-0.16206566,104.66037228
-0.00000000,1.45888029,-0.00353299,4.38986866,-0.02619462,18.83828886,-0.15963366,103.25605869
-0.00000000,1.45607146,-0.00334487,4.36547562,-0.02645350,18.65720955,-0.17928110,101.82533054
-0.00000000,1.45320150,-0.00330094,4.34029742,-0.02661139,18.47088720,-0.18761555,100.37729197
-0.00000000,1.45037252,-0.00315902,4.31605501,-0.02526769,18.29271785,-0.17028639,98.97439149
-0.00000000,1.44761379,-0.00279029,4.29236885,-0.02177826,18.11807530,-0.13408141,97.60974113
0.00000000,1.44481839,-0.00262915,4.26837940,-0.02107786,17.94025068,-0.13811472,96.20177304
-0.00000000,1.44206268,-0.00236081,4.24429232,-0.01922095,17.76027561,-0.13046174,94.77593756
0.00000000,1.43938405,-0.00246145,4.22116912,-0.02066111,17.59223759,-0.15069060,93.46364730
0.00000000,1.43654033,-0.00223337,4.19649961,-0.01886557,17.41014520,-0.14030767,92.03208926
0.00000000,1.43370493,-0.00213643,4.17340617,-0.01758324,17.24739238,-0.12880304,90.80940985
0.00000000,1.43093099,-0.00222855,4.14934445,-0.01731686,17.07101139,-0.11343774,89.45127254
0.00000000,1.42830720,-0.00196432,4.12611186,-0.01464445,16.90427929,-0.09489161,88.21043629
0.00000000,1.42562375,-0.00220522,4.10344879,-0.01832701,16.74231435,-0.13894296,86.98547051
-0.00000000,1.42304268,-0.00244279,4.08097752,-0.02185135,16.58078263,-0.17534380,85.77292866
0.00000000,1.42046643,-0.00201018,4.05831512,-0.01931110,16.41730792,-0.17096846,84.54212364
0.00000000,1.41789548,-0.00176292,4.03619751,-0.01730520,16.25813941,-0.15422211,83.33539635
-0.00000000,1.41522406,-0.00169129,4.01407124,-0.01744175,16.10139969,-0.15741925,82.15094113
-0.00000000,1.41258362,-0.00210297,3.99157341,-0.02152188,15.94327725,-0.19550688,81.00296719
-0.00000000,1.41004353,-0.00207170,3.96967825,-0.02135925,15.79070395,-0.19184020,79.90633792
0.00000000,1.40728100,-0.00213728,3.94663489,-0.02084220,15.62586642,-0.17916312,78.64370279
-0.00000000,1.40484080,-0.00179285,3.92526231,-0.01747669,15.47630082,-0.14810703,77.54768603
0.00000000,1.40221839,-0.00177690,3.90263394,-0.01657612,15.31587632,-0.12504499,76.35108342
-0.00000000,1.39965895,-0.00198219,3.88143693,-0.01650877,15.16960850,-0.11139835,75.27010755
0.00000000,1.39711704,-0.00207984,3.86021265,-0.01807147,15.02375943,-0.13107235,74.22539657
-0.00000000,1.39463981,-0.00223584,3.83921396,-0.01849612,14.87768247,-0.12732531,73.16251078
0.00000000,1.39224016,-0.00194493,3.81912260,-0.01562781,14.73900891,-0.10645206,72.14974101
-0.00000000,1.38981441,-0.00200713,3.79889944,-0.01775356,14.60008933,-0.13652907,71.13587217
-0.00000000,1.38740063,-0.00177869,3.77770488,-0.01659087,14.45110441,-0.12786002,70.04445476
-0.00000000,1.38482804,-0.00169383,3.75658355,-0.01637890,14.30941494,-0.12368837,69.05422771
-0.00000000,1.38243587,-0.00155806,3.73663481,-0.01585730,14.17486375,-0.12601626,68.09241114
0.00000000,1.37991747,-0.00178004,3.71602110,-0.01714530,14.03743154,-0.13156821,67.13416807
0.00000000,1.37750732,-0.00194466,3.69573378,-0.01903613,13.89941925,-0.15261043,66.15047792
-0.00000000,1.37491366,-0.00208012,3.67493525,-0.02253500,13.76349907,-0.19364863,65.22679776
0.00000000,1.37245624,-0.00207036,3.65511829,-0.02097557,13.63060641,-0.17697000,64.28056398
0.00000000,1.37011946,-0.00203320,3.63500394,-0.02094119,13.49682932,-0.17750573,63.36541400
0.00000000,1.36780312,-0.00209801,3.61484591,-0.02006491,13.35895653,-0.15714079,62.39453631
-0.00000000,1.36545776,-0.00214521,3.59604408,-0.01983064,13.23521381,-0.14681669,61.55015248
-0.00000000,1.36326639,-0.00237494,3.57737284,-0.02207941,13.10848905,-0.16619151,60.65588964
0.00000000,1.36075901,-0.00243242,3.55738485,-0.02184571,12.98020569,-0.16117954,59.81509666
-0.00000000,1.35839640,-0.00212743,3.53829817,-0.01914246,12.85850838,-0.13644716,58.99815966
-0.00000000,1.35581861,-0.00188387,3.51806263,-0.01692220,12.73016828,-0.12276726,58.15962332
0.00000000,1.35342371,-0.00177725,3.49867406,-0.01629810,12.60405568,-0.11703648,57.31404653
0.00000000,1.35122137,-0.00164402,3.48016572,-0.01626716,12.48303157,-0.12521363,56.49759221
0.00000000,1.34899662,-0.00200044,3.46199262,-0.01879296,12.36819755,-0.14082293,55.75338449
0.00000000,1.34655910,-0.00189269,3.44345473,-0.01835290,12.25169870,-0.14249735,54.98258544
0.00000000,1.34436786,-0.00186684,3.42535052,-0.01916983,12.13474089,-0.16138226,54.20460700
-0.00000000,1.34193305,-0.00196762,3.40595452,-0.02007402,12.01370818,-0.16890730,53.43486399
-0.00000000,1.33965177,-0.00188667,3.38690222,-0.01818134,11.88978318,-0.15452668,52.59396796
-0.00000000,1.33745882,-0.00180171,3.36884455,-0.01751439,11.77739432,-0.15041465,51.88430378
0.00000000,1.33499745,-0.00175419,3.34960919,-0.01742664,11.65699255,-0.15050088,51.10248901
0.00000000,1.33275237,-0.00187116,3.33116436,-0.01758309,11.54036494,-0.14566621,50.34339012
-0.00000000,1.33053262,-0.00211284,3.31333582,-0.01926623,11.42997048,-0.15600616,49.64051596
-0.00000000,1.32823739,-0.00177699,3.29539508,-0.01664287,11.31865256,-0.13244493,48.91399709
-0.00000000,1.32611296,-0.00179964,3.27785898,-0.01630561,11.20943672,-0.12754505,48.22613469
-0.00000000,1.32393364,-0.00179785,3.26013547,-0.01616959,11.09860458,-0.12889194,47.51817046
0.00000000,1.32167849,-0.00169925,3.24237435,-0.01501898,10.99016920,-0.11981259,46.83709576
-0.00000000,1.31953882,-0.00180331,3.22555828,-0.01575550,10.88716098,-0.12570630,46.18279374
0.00000000,1.31735539,-0.00185085,3.20892865,-0.01665271,10.78601854,-0.13698810,45.54029706
-0.00000000,1.31535559,-0.00186124,3.19291449,-0.01642678,10.68959806,-0.13438299,44.94686155
0.00000000,1.31329373,-0.00170005,3.17622339,-0.01507913,10.58938434,-0.12793510,44.33348712
-0.00000000,1.31110751,-0.00197388,3.15886434,-0.01698694,10.48323408,-0.14040199,43.66316255
0.00000000,1.30892950,-0.00211912,3.14168865,-0.01789032,10.37913524,-0.14155362,43.00874363
0.00000000,1.30664064,-0.00223242,3.12404867,-0.01874273,10.27298740,-0.14622181,42.35426380
-0.00000000,1.30439514,-0.00211329,3.10709273,-0.01769509,10.17246303,-0.13788793,41.74411207
-0.00000000,1.30212050,-0.00216252,3.08980776,-0.01770211,10.07106296,-0.13499448,41.13893768
0.00000000,1.29986891,-0.00218138,3.07319151,-0.01861280,9.97437287,-0.14813598,40.55608987
0.00000000,1.29776471,-0.00227307,3.05692403,-0.01906964,9.87895840,-0.14832788,39.98374001
0.00000000,1.29563228,-0.00213442,3.03958252,-0.01716472,9.77468162,-0.13039263,39.34701825
0.00000000,1.29351459,-0.00213795,3.02327954,-0.01711382,9.67927173,-0.12439551,38.77311740
0.00000000,1.29144928,-0.00194988,3.00727728,-0.01497565,9.58514853,-0.10538079,38.20524775
0.00000000,1.28951484,-0.00157658,2.99200017,-0.01191400,9.49586064,-0.08426468,37.67777595
0.00000000,1.28749847,-0.00163432,2.97649272,-0.01245500,9.40659633,-0.08665945,37.15092765
0.00000000,1.28529174,-0.00164912,2.96004147,-0.01266880,9.31418178,-0.08853647,36.62054476
-0.00000000,1.28328952,-0.00166969,2.94491601,-0.01289691,9.22944056,-0.09329553,36.13840131
-0.00000000,1.28132309,-0.00160465,2.92900734,-0.01227952,9.13420028,-0.08897730,35.55423172
-0.00000000,1.27927755,-0.00154713,2.91347530,-0.01193155,9.04661566,-0.08583613,35.04991303
-0.00000000,1.27714321,-0.00128366,2.89814054,-0.01002400,8.96226528,-0.07318932,34.57927061
-0.00000000,1.27522526,-0.00113449,2.88358644,-0.00907309,8.88052615,-0.06942723,34.11303640
0.00000000,1.27316680,-0.00108057,2.86782106,-0.00831753,8.79044148,-0.06124680,33.58855574
-0.00000000,1.27122221,-0.00111207,2.85351063,-0.00829001,8.71293079,-0.06119491,33.16970796
0.00000000,1.26936378,-0.00105540,2.83929047,-0.00651311,8.63376376,-0.04034554,32.72363211
0.00000000,1.26737712,-0.00123542,2.82424008,-0.00748720,8.55050471,-0.04593116,32.26336385
-0.00000000,1.26535008,-0.00140079,2.80912228,-0.00796387,8.46609248,-0.04536508,31.78349214
0.00000000,1.26334675,-0.00159678,2.79388870,-0.00898759,8.38233460,-0.04730376,31.32076504
0.00000000,1.26139555,-0.00185804,2.77947366,-0.01112192,8.30489251,-0.06284570,30.90504801
0.00000000,1.25955618,-0.00179105,2.76526691,-0.01067236,8.22554703,-0.05855268,30.45662386
0.00000000,1.25764235,-0.00179011,2.75057212,-0.01050622,8.14429753,-0.05522631,30.00022805
0.00000000,1.25581017,-0.00157189,2.73728097,-0.00866184,8.07232873,-0.04260701,29.60243722
-0.00000000,1.25386127,-0.00163748,2.72267643,-0.00901207,7.99236306,-0.04289807,29.15722988
0.00000000,1.25201988,-0.00147861,2.70848461,-0.00752974,7.91458373,-0.03263844,28.73041296
-0.00000000,1.25017960,-0.00190251,2.69479377,-0.01068838,7.84156941,-0.05463360,28.33732707
0.00000000,1.24827891,-0.00170098,2.68057585,-0.00943745,7.76409958,-0.04577437,27.90593416
-0.00000000,1.24633691,-0.00171013,2.66630880,-0.00997282,7.68787393,-0.05079001,27.49080045
0.00000000,1.24466181,-0.00165851,2.65337796,-0.00959476,7.61888533,-0.04774189,27.12486355
-0.00000000,1.24285981,-0.00130340,2.63962172,-0.00724282,7.54457541,-0.03525731,26.72231942
-0.00000000,1.24093922,-0.00115513,2.62520679,-0.00570098,7.46729657,-0.02215092,26.30408726
0.00000000,1.23910919,-0.00135058,2.61140219,-0.00693558,7.39368210,-0.03038744,25.90572677
0.00000000,1.23732404,-0.00160161,2.59814682,-0.00877656,7.32330923,-0.04193575,25.52804069
0.00000000,1.23550851,-0.00162898,2.58461949,-0.00897734,7.25192627,-0.04240392,25.15319401
0.00000000,1.23362164,-0.00159794,2.57075224,-0.00830915,7.17896166,-0.03839832,24.76820968
0.00000000,1.23198083,-0.00134307,2.55826404,-0.00638034,7.11489599,-0.02677890,24.44317844
0.00000000,1.23014319,-0.00134378,2.54545560,-0.00585767,7.05076155,-0.02127104,24.12516695
0.00000000,1.22831967,-0.00131357,2.53182799,-0.00597022,6.97919833,-0.02384192,23.74573981
-0.00000000,1.22651239,-0.00116439,2.51913190,-0.00524823,6.91557882,-0.02057186,23.42696748
0.00000000,1.22474724,-0.00119523,2.50597633,-0.00592498,6.84773911,-0.02554566,23.07989214
0.00000000,1.22303488,-0.00105562,2.49306653,-0.00491516,6.78225525,-0.02029714,22.75249859
0.00000000,1.22126172,-0.00113890,2.48010075,-0.00549966,6.71610097,-0.02384493,22.41521610
-0.00000000,1.21973117,-0.00119833,2.46795847,-0.00608824,6.65385435,-0.02779187,22.10190732
0.00000000,1.21812381,-0.00115188,2.45556173,-0.00575848,6.58933508,-0.02613042,21.76861482
-0.00000000,1.21632462,-0.00136802,2.44297745,-0.00685898,6.52764693,-0.03080330,21.46707827
-0.00000000,1.21452667,-0.00124189,2.43031489,-0.00598229,6.46537140,-0.02475884,21.16379337
0.00000000,1.21271112,-0.00153304,2.41700243,-0.00822068,6.39919440,-0.03741814,20.83924719
-0.00000000,1.21093051,-0.00140694,2.40419283,-0.00659887,6.33529293,-0.02427365,20.51921908
0.00000000,1.20931520,-0.00115838,2.39224939,-0.00520596,6.27620181,-0.01713301,20.23001851
0.00000000,1.20765341,-0.00099756,2.38011960,-0.00391116,6.21570803,-0.00830594,19.92771469
0.00000000,1.20601130,-0.00091647,2.36864843,-0.00306112,6.15992364,-0.00290337,19.65800349
-0.00000000,1.20451325,-0.00081803,2.35707109,-0.00274007,6.10302583,-0.00101660,19.38731050
-0.00000000,1.20288171,-0.00095652,2.34534736,-0.00381326,6.04660402,-0.00763261,19.12020119
-0.00000000,1.20131381,-0.00078488,2.33335260,-0.00294588,5.98647117,-0.00484725,18.82477930
0.00000000,1.19964982,-0.00066022,2.32181271,-0.00213622,5.93152882,-0.00009496,18.56647407
0.00000000,1.19798225,-0.00059614,2.30988115,-0.00198783,5.87435357,0.00008687,18.29589279
-0.00000000,1.19630488,-0.00061362,2.29807014,-0.00147509,5.81769786,0.00550055,18.03034423
-0.00000000,1.19463648,-0.00067947,2.28587525,-0.00152074,5.75859729,0.00681748,17.74806957
-0.00000000,1.19324525,-0.00050903,2.27522481,-0.00077430,5.70617271,0.00955588,17.49428982
0.00000000,1.19150930,-0.00048856,2.26339888,-0.00062933,5.65080662,0.01009492,17.23960666
-0.00000000,1.18983993,-0.00036886,2.25179018,0.00043669,5.59659363,0.01678345,16.99195796
0.00000000,1.18835933,-0.00042452,2.24059137,-0.00002243,5.54303049,0.01258023,16.74312587
0.00000000,1.18674695,-0.00032930,2.22900936,0.00106320,5.48798375,0.01995431,16.48744238
0.00000000,1.18510894,-0.00025528,2.21769272,0.00161029,5.43641552,0.02121406,16.25841147
-0.00000000,1.18354726,-0.00034584,2.20669008,0.00113953,5.38512997,0.01890709,16.02483520
0.00000000,1.18189849,-0.00022456,2.19508420,0.00230414,5.33048048,0.02579423,15.77152220
-0.00000000,1.18018830,-0.00034685,2.18355156,0.00179598,5.27778232,0.02413117,15.53570497
0.00000000,1.17852138,-0.00052233,2.17212260,0.00063523,5.22570299,0.01659459,15.30633464
-0.00000000,1.17703553,-0.00070940,2.16148728,-0.00043121,5.17695459,0.01157658,15.09177694
0.00000000,1.17558788,-0.00084000,2.15096523,-0.00124955,5.12819516,0.00820582,14.87327450
-0.00000000,1.17411887,-0.00078046,2.14023978,-0.00127837,5.07921853,0.00655464,14.65814233
0.00000000,1.17243002,-0.00095226,2.12896156,-0.00247719,5.02869123,-0.00101848,14.43745506
0.00000000,1.17083267,-0.00082743,2.11779989,-0.00190199,4.97825984,0.00014858,14.21644325
0.00000000,1.16941605,-0.00080292,2.10801108,-0.00162419,4.93432411,0.00216729,14.02374153
-0.00000000,1.16798360,-0.00097169,2.09795352,-0.00274588,4.88919264,-0.00409803,13.82811286
0.00000000,1.16650680,-0.00091635,2.08760252,-0.00219034,4.84300309,-0.00039731,13.62764016
-0.00000000,1.16505947,-0.00092792,2.07728853,-0.00234396,4.79673080,-0.00168040,13.42673554
0.00000000,1.16360014,-0.00083882,2.06708855,-0.00185175,4.75113984,-0.00021727,13.23038452
0.00000000,1.16219514,-0.00087578,2.05710997,-0.00202160,4.70655737,-0.00112475,13.03924552
0.00000000,1.16070921,-0.00079082,2.04682058,-0.00165146,4.66117843,0.00017432,12.84687032
0.00000000,1.15935869,-0.00075895,2.03732648,-0.00128048,4.61955415,0.00271083,12.67026519
-0.00000000,1.15778527,-0.00082040,2.02682434,-0.00178040,4.57383152,-0.00007503,12.47945196
-0.00000000,1.15634176,-0.00081740,2.01695634,-0.00175248,4.53067325,0.00015062,12.29697955
-0.00000000,1.15496114,-0.00086601,2.00720809,-0.00213094,4.48862539,-0.00281563,12.12430088
0.00000000,1.15352150,-0.00083466,1.99715529,-0.00183920,4.44507050,-0.00192429,11.94312167
-0.00000000,1.15220946,-0.00070032,1.98757977,-0.00094868,4.40284750,0.00258507,11.76499167
-0.00000000,1.15086497,-0.00076917,1.97794153,-0.00117236,4.36066380,0.00220520,11.58924728
-0.00000000,1.14961501,-0.00064053,1.96913279,-0.00055182,4.32327870,0.00482175,11.43782461
0.00000000,1.14828759,-0.00082618,1.95953501,-0.00188496,4.28201819,-0.00306216,11.26876751
0.00000000,1.14680689,-0.00074682,1.94958908,-0.00123886,4.24028335,0.00072556,11.10078707
0.00000000,1.14529424,-0.00091404,1.93967175,-0.00181915,4.19898234,-0.00074861,10.93648899
0.00000000,1.14390899,-0.00087268,1.93035318,-0.00157828,4.15980576,0.00079785,10.77922308
-0.00000000,1.14253628,-0.00083232,1.92097835,-0.00164079,4.12059068,-0.00039553,10.62277424
0.00000000,1.14112479,-0.00095114,1.91149488,-0.00231356,4.08117521,-0.00315159,10.46717528
-0.00000000,1.13958166,-0.00116086,1.90156341,-0.00363552,4.04027056,-0.00936130,10.30592047
0.00000000,1.13824415,-0.00126011,1.89216389,-0.00412345,4.00053019,-0.01080613,10.14676088
0.00000000,1.13688372,-0.00130146,1.88296047,-0.00443481,3.96250980,-0.01266120,9.99764600
-0.00000000,1.13552806,-0.00129535,1.87374914,-0.00457910,3.92432997,-0.01380832,9.84814877
0.00000000,1.13428495,-0.00133979,1.86501778,-0.00450358,3.88786711,-0.01221538,9.70440938
-0.00000000,1.13288068,-0.00129101,1.85558430,-0.00430156,3.84908806,-0.01170790,9.55255496
-0.00000000,1.13156666,-0.00126446,1.84640411,-0.00431671,3.81156370,-0.01215162,9.40937729
-0.00000000,1.13030959,-0.00124078,1.83759314,-0.00426146,3.77543778,-0.01233462,9.26973593
-0.00000000,1.12890647,-0.00137778,1.82816956,-0.00496856,3.73715119,-0.01472367,9.12311684
-0.00000000,1.12760346,-0.00138496,1.81930273,-0.00510701,3.70136837,-0.01563663,8.98741997
-0.00000000,1.12642340,-0.00130353,1.81100624,-0.00467424,3.66767340,-0.01358453,8.85941522
-0.00000000,1.12522772,-0.00127319,1.80236913,-0.00441975,3.63214304,-0.01267544,8.72279715
0.00000000,1.12391133,-0.00130241,1.79330054,-0.00452192,3.59578660,-0.01352810,8.58692031
-0.00000000,1.12263341,-0.00124023,1.78460780,-0.00414251,3.56122301,-0.01206231,8.45835247
0.00000000,1.12139751,-0.00118264,1.77619188,-0.00376469,3.52772992,-0.00982503,8.33344209
-0.00000000,1.12025231,-0.00127459,1.76803033,-0.00404787,3.49503032,-0.01071456,8.21146093
0.00000000,1.11899713,-0.00123361,1.75958823,-0.00404657,3.46188247,-0.01157738,8.08977821
0.00000000,1.11780852,-0.00118865,1.75129984,-0.00404947,3.42882268,-0.01283672,7.96704561
0.00000000,1.11650660,-0.00103812,1.74282288,-0.00355111,3.39620599,-0.01138801,7.84980864
-0.00000000,1.11524692,-0.00108290,1.73437190,-0.00381968,3.36300794,-0.01228728,7.72834343
-0.00000000,1.11404543,-0.00102308,1.72623454,-0.00340198,3.33142099,-0.01017955,7.61413673
-0.00000000,1.11264706,-0.00098918,1.71733474,-0.00327121,3.29698836,-0.00979352,7.48915465
0.00000000,1.11146127,-0.00094923,1.70914655,-0.00310519,3.26527759,-0.00915750,7.37623075
-0.00000000,1.11024772,-0.00097373,1.70109406,-0.00333781,3.23445323,-0.01055348,7.26634270
-0.00000000,1.10909839,-0.00104509,1.69326246,-0.00356016,3.20435846,-0.01071450,7.16028638
0.00000000,1.10787881,-0.00107054,1.68520284,-0.00370837,3.17366355,-0.01094388,7.05142443
-0.00000000,1.10673897,-0.00104639,1.67732402,-0.00363800,3.14349209,-0.01076602,6.94470583
-0.00000000,1.10555928,-0.00104403,1.66933834,-0.00353576,3.11294464,-0.00996927,6.83689250
-0.00000000,1.10442831,-0.00100488,1.66165945,-0.00331339,3.08387991,-0.00872724,6.73597415
0.00000000,1.10324118,-0.00100618,1.65381257,-0.00330077,3.05438035,-0.00878828,6.63382126
-0.00000000,1.10208152,-0.00105306,1.64603409,-0.00339656,3.02546686,-0.00905652,6.53495785
-0.00000000,1.10090220,-0.00106127,1.63814614,-0.00340096,2.99590010,-0.00901219,6.43263030
-0.00000000,1.09970211,-0.00104125,1.63024553,-0.00337361,2.96633432,-0.00932732,6.33126770
-0.00000000,1.09845737,-0.00108779,1.62228711,-0.00377876,2.93711188,-0.01151355,6.23294646
0.00000000,1.09724818,-0.00101473,1.61454938,-0.00328459,2.90892404,-0.00920624,6.13883914
0.00000000,1.09617937,-0.00106623,1.60717867,-0.00356309,2.88152661,-0.01050652,6.04622021
0.00000000,1.09489626,-0.00095365,1.59933767,-0.00298556,2.85354979,-0.00835685,5.95467086
0.00000000,1.09383473,-0.00097579,1.59188954,-0.00312265,2.82589842,-0.00878031,5.86197289
-0.00000000,1.09262915,-0.00099251,1.58427845,-0.00309722,2.79841779,-0.00826932,5.77110131
-0.00000000,1.09151915,-0.00097623,1.57700326,-0.00299217,2.77214758,-0.00785065,5.68473145
0.00000000,1.09042797,-0.00106073,1.56957371,-0.00346364,2.74510325,-0.00979008,5.59599060
0.00000000,1.08941460,-0.00109171,1.56259384,-0.00362605,2.71996282,-0.01019898,5.51487096
0.00000000,1.08829532,-0.00103075,1.55526219,-0.00329032,2.69364811,-0.00889656,5.42940852
-0.00000000,1.08723927,-0.00110195,1.54826486,-0.00359079,2.66891980,-0.00968189,5.35094301
-0.00000000,1.08623093,-0.00105642,1.54127338,-0.00346185,2.64363372,-0.00970515,5.26883083
-0.00000000,1.08515137,-0.00103978,1.53415187,-0.00339024,2.61843829,-0.00957590,5.18854613
-0.00000000,1.08415875,-0.00109944,1.52722152,-0.00350553,2.59362413,-0.00949518,5.10924548
0.00000000,1.08303193,-0.00117457,1.52012495,-0.00382437,2.56910020,-0.01059108,5.03337342
0.00000000,1.08193894,-0.00112608,1.51303480,-0.00365412,2.54446570,-0.00992733,4.95659889
0.00000000,1.08069098,-0.00117904,1.50550847,-0.00393757,2.51849327,-0.01115736,4.87528549
-0.00000000,1.07966684,-0.00116692,1.49867555,-0.00390642,2.49472346,-0.01129352,4.80182635
-0.00000000,1.07866865,-0.00112907,1.49192169,-0.00367338,2.47129115,-0.01023746,4.72969025
0.00000000,1.07761617,-0.00104632,1.48504552,-0.00329392,2.44756404,-0.00881695,4.65681362
0.00000000,1.07670611,-0.00100504,1.47874375,-0.00317263,2.42591089,-0.00862668,4.59107385
0.00000000,1.07556015,-0.00101774,1.47158635,-0.00330566,2.40130987,-0.00932888,4.51528969
-0.00000000,1.07446427,-0.00093778,1.46470744,-0.00298702,2.37809663,-0.00844443,4.44565905
0.00000000,1.07337175,-0.00101010,1.45785362,-0.00344890,2.35492337,-0.01036570,4.37544616
-0.00000000,1.07235928,-0.00105774,1.45117488,-0.00371771,2.33213589,-0.01163046,4.30657758
-0.00000000,1.07145230,-0.00101816,1.44488980,-0.00335143,2.31061526,-0.00982795,4.24199376
0.00000000,1.07048476,-0.00101187,1.43841770,-0.00332319,2.28861817,-0.00956565,4.17599677
0.00000000,1.06936495,-0.00095871,1.43148306,-0.00308989,2.26555178,-0.00896272,4.10787763
0.00000000,1.06830149,-0.00098685,1.42481421,-0.00319505,2.24350539,-0.00912978,4.04327951
0.00000000,1.06717764,-0.00104759,1.41790376,-0.00338628,2.22070570,-0.00945926,3.97638159
-0.00000000,1.06611506,-0.00098623,1.41134578,-0.00316098,2.19925489,-0.00877607,3.91451462
0.00000000,1.06506544,-0.00091964,1.40485023,-0.00277217,2.17795741,-0.00734799,3.85296377
-0.00000000,1.06402112,-0.00086748,1.39831173,-0.00261004,2.15656083,-0.00690757,3.79136316
-0.00000000,1.06306173,-0.00086456,1.39212681,-0.00256980,2.13625299,-0.00652407,3.73315063
0.00000000,1.06203357,-0.00086227,1.38562478,-0.00251530,2.11501287,-0.00620267,3.67237133
