-0.00000000,1.00165394,-0.00263716,3.00677918,-0.03466738,14.98783974,-0.49544187,103.73562657
-0.00000000,1.00241891,-0.00366576,3.01263734,-0.04072722,15.05395077,-0.52682130,104.67022870
-0.00000000,1.00100334,-0.00155568,3.00231978,-0.01218473,14.96942219,-0.19059584,103.78959281
0.00000000,1.00157942,0.00075140,3.00591763,0.00584665,15.01751395,-0.03061383,104.79708548
0.00000000,1.00044673,0.00134588,2.99713532,0.01200711,14.92204768,0.02296226,103.66460482
-0.00000000,0.99903553,0.00061149,2.99034249,0.00835766,14.88027153,0.02799345,103.10278315
-0.00000000,0.99913489,-0.00062618,2.99374085,-0.01672749,14.93389271,-0.16105535,103.90621319
-0.00000000,0.99969179,-0.00014167,2.99897731,-0.00501462,15.01407462,0.04628664,105.35223276
0.00000000,1.00060069,0.00014251,3.00099748,0.00218421,15.00514988,0.09857452,105.33500426
-0.00000000,1.00091541,0.00184996,3.00230814,0.02160551,15.00384286,0.25381698,105.12937725
-0.00000000,1.00029300,0.00088823,2.99997372,0.01608070,15.02838482,0.26759941,106.01790718
-0.00000000,0.99961664,0.00134264,2.99484112,0.01747846,14.99190211,0.28530280,105.50530281
-0.00000000,0.99941721,0.00218649,2.99980249,0.02720352,15.09153742,0.35151556,107.14393198
-0.00000000,0.99988359,0.00222642,3.00373162,0.02362056,15.08474468,0.28279801,106.43469999
0.00000000,1.00035631,0.00200138,2.99966419,0.02478574,14.98251075,0.29265518,104.76940535
-0.00000000,1.00034956,0.00010070,3.00107492,0.00666390,14.97317617,0.10410834,104.15130454
0.00000000,1.00059728,0.00110402,3.00049826,0.02458063,14.92582867,0.31123491,102.86671402
-0.00000000,1.00108666,-0.00086530,3.00205850,0.00275685,14.91346765,0.07529761,102.49100123
0.00000000,1.00070909,0.00068175,3.00402022,0.02141932,15.00914880,0.30444122,104.61967226
0.00000000,1.00031183,-0.00004204,3.00254833,0.00449777,15.02885096,0.09027905,105.12368191
0.00000000,1.00080246,0.00209866,3.00644727,0.02383757,15.08417806,0.22707386,106.17724922
0.00000000,1.00087274,0.00126480,3.00694712,0.00880605,15.06041452,0.05240012,105.45108226
-0.00000000,1.00070282,0.00129820,3.00702290,0.00618140,15.08481515,0.01011103,106.00979953
0.00000000,1.00078675,0.00037044,3.00621332,-0.00149277,15.11849558,-0.09383753,107.25075943
0.00000000,1.00120595,0.00157759,3.00907263,0.00202095,15.14703451,-0.07463382,107.70200381
-0.00000000,1.00101462,0.00190811,3.00908022,0.01296948,15.14945789,0.08153870,107.76945512
0.00000000,1.00118356,0.00090392,3.01423904,-0.00902788,15.17324804,-0.26118425,107.32362365
-0.00000000,1.00157965,0.00268184,3.01775989,0.01417261,15.18488411,-0.01543188,107.03470815
0.00000000,1.00126072,0.00080328,3.01861669,-0.00015248,15.21137286,-0.15035896,107.43745412
-0.00000000,1.00133008,-0.00020130,3.01400321,-0.00537345,15.12092384,-0.11355896,105.77723084
-0.00000000,1.00038235,-0.00162514,3.01302264,-0.00808636,15.13356571,-0.01659810,106.04528666
0.00000000,1.00016504,-0.00056456,3.01268291,-0.00276055,15.15902592,-0.03840825,106.80184053
-0.00000000,1.00107431,-0.00082516,3.01808350,-0.01496209,15.18749493,-0.22217604,106.79591054
-0.00000000,1.00020870,-0.00115906,3.01173724,-0.00604341,15.12180182,-0.05630812,106.12622468
-0.00000000,0.99994115,-0.00074790,3.00444248,0.00560418,15.03272511,0.21108290,104.77392097
0.00000000,1.00059223,0.00074143,3.00777484,0.02208925,15.08343685,0.47360879,105.79369152
-0.00000000,1.00095086,0.00020232,3.00931877,0.02770088,15.11118013,0.70308307,106.80592400
-0.00000000,1.00152538,0.00125606,3.01073348,0.04375454,15.11463590,0.94283092,106.66645986
0.00000000,1.00237272,-0.00013567,3.01974868,0.02683262,15.21142330,0.69218863,107.65263352
0.00000000,1.00264624,-0.00002999,3.01853631,0.03022436,15.19057555,0.74329890,107.51340599
0.00000000,1.00307085,0.00020388,3.02465400,0.01965714,15.25278469,0.47693445,108.07329947
0.00000000,1.00371200,0.00038629,3.02378436,0.01394730,15.16952050,0.30846051,106.36231979
-0.00000000,1.00212553,-0.00216575,3.01662663,-0.02072370,15.13131674,-0.13573970,106.16965238
-0.00000000,1.00244581,-0.00248845,3.01667754,-0.02212290,15.12688255,-0.15332035,106.35035027
-0.00000000,1.00358926,-0.00183301,3.02334325,-0.01888058,15.16103585,-0.04897747,106.28630874
-0.00000000,1.00405866,-0.00250835,3.02567806,-0.03480393,15.18302746,-0.36968181,106.51909275
0.00000000,1.00337652,-0.00229694,3.02333751,-0.02948445,15.17910755,-0.36355206,106.56127609
0.00000000,1.00239274,-0.00147502,3.01961287,-0.03119443,15.18935730,-0.50358449,107.21968989
0.00000000,1.00183991,-0.00068115,3.01767633,-0.01720004,15.16172390,-0.27614356,106.66115704
-0.00000000,1.00192123,0.00002403,3.01544406,-0.00691929,15.15229535,-0.20815303,106.91081055
0.00000000,1.00156671,-0.00158663,3.01508414,-0.02148135,15.15914051,-0.36580740,107.25884327
0.00000000,1.00078782,-0.00250561,3.00858360,-0.02324995,15.08103421,-0.25519261,105.97066462
0.00000000,1.00028272,-0.00061135,3.00265158,0.00129895,15.00740969,0.05371871,104.86765195
-0.00000000,0.99978951,0.00093234,3.00011806,0.01490776,14.99662520,0.16583841,105.04368460
-0.00000000,1.00041632,0.00303567,2.99781582,0.03031570,14.93838017,0.24592468,104.13897304
0.00000000,1.00051764,0.00091697,2.99823465,0.02381593,14.94595389,0.29194725,104.16434650
0.00000000,1.00043037,0.00310975,2.99897297,0.03843674,14.96008327,0.42985489,104.27582256
0.00000000,1.00059526,0.00419256,3.00154709,0.04802376,14.97370124,0.52056395,104.15043732
-0.00000000,1.00000571,0.00404797,3.00119670,0.05536841,15.00674475,0.65191550,104.79938200
-0.00000000,1.00038893,0.00359740,3.00196795,0.05049062,14.97167094,0.61623789,103.83874290
0.00000000,0.99927790,0.00334313,2.99656713,0.04926880,14.94021692,0.54933700,103.60581559
0.00000000,0.99909212,0.00286416,2.99284124,0.03646354,14.89522972,0.43416498,103.30513027
0.00000000,0.99988849,0.00155683,3.00003135,0.01988104,14.96827379,0.19695380,104.12719771
-0.00000000,1.00025394,0.00061814,3.00046670,0.01004968,14.94927451,0.07694343,103.55272356
0.00000000,1.00054900,0.00245203,2.99996690,0.02688902,14.90613315,0.23405786,102.58402174
0.00000000,1.00143627,0.00268963,3.00294681,0.03119452,14.92325070,0.25954169,102.83531559
0.00000000,1.00107441,0.00236620,2.99864082,0.03636139,14.89010786,0.48185618,102.63940945
-0.00000000,1.00082542,0.00293155,2.99962207,0.05013984,14.91278428,0.72930269,102.90964152
-0.00000000,1.00140477,0.00222274,3.00071658,0.03651563,14.88697498,0.45903699,102.38711535
-0.00000000,1.00122089,0.00217121,3.00025810,0.03468706,14.90058951,0.40550282,102.76956486
-0.00000000,1.00153283,0.00179031,3.00709428,0.02903307,14.96914715,0.27836110,103.38827862
0.00000000,1.00147745,0.00241822,3.00479783,0.02686464,14.96277751,0.12014072,103.58471493
0.00000000,1.00136250,0.00194336,3.00529287,0.02599599,14.98130452,0.21943085,103.97748296
0.00000000,1.00135523,0.00186443,3.00533504,0.04345176,14.97992597,0.53679750,103.79108435
-0.00000000,1.00045354,0.00067555,3.00265061,0.03389737,14.99750090,0.51754516,104.58196215
-0.00000000,1.00123478,0.00137467,3.00934786,0.04196349,15.06665053,0.67178092,105.41166603
-0.00000000,1.00123351,0.00046507,3.01095486,0.03483282,15.09051164,0.62233951,105.85237872
-0.00000000,1.00161741,0.00003827,3.01410560,0.03669538,15.14149176,0.74818286,106.46714077
0.00000000,1.00162298,0.00178315,3.01464538,0.04568047,15.14242467,0.76725603,106.41180182
-0.00000000,1.00220956,0.00221951,3.01729969,0.04177752,15.15066159,0.60632077,106.51425909
-0.00000000,1.00242830,0.00142692,3.01961923,0.03227539,15.19626622,0.52782960,107.37339653
-0.00000000,1.00162177,0.00095431,3.01391589,0.03443534,15.18724647,0.59791025,107.86863685
0.00000000,1.00120463,0.00126258,3.00904309,0.03990066,15.14618935,0.75505241,107.86057569
-0.00000000,1.00086001,0.00084685,3.00945852,0.03272096,15.16762365,0.58390122,108.42665043
0.00000000,1.00107581,0.00093729,3.00609739,0.02819799,15.07373176,0.43510990,106.30331706
-0.00000000,1.00107119,0.00212520,3.00971585,0.02737809,15.14824950,0.26439306,107.40591903
-0.00000000,1.00121853,0.00337625,3.00767118,0.04541936,15.08059271,0.53224031,105.94058310
-0.00000000,1.00091710,0.00455330,3.00487684,0.05390175,15.04041758,0.62454970,105.41456166
0.00000000,1.00038968,0.00289142,3.00288394,0.03705288,15.03162066,0.47362370,105.57528691
0.00000000,1.00058699,0.00132386,3.00836526,0.01956926,15.08869638,0.24099817,106.11196389
-0.00000000,1.00066559,0.00082317,3.00566904,0.01106906,15.04136968,0.15860235,105.42773989
-0.00000000,1.00073883,-0.00006991,3.00597669,-0.00326350,15.03031477,0.01403194,105.00392487
0.00000000,1.00072862,-0.00009892,3.00804803,-0.00005608,15.06208601,0.08810842,105.39943332
-0.00000000,1.00049251,-0.00046081,3.00603935,-0.01052687,15.06559560,-0.18346413,105.70210683
0.00000000,0.99929496,0.00204209,2.99921299,0.02064425,15.00065717,0.18881648,104.89139332
-0.00000000,0.99906996,0.00139448,3.00080192,0.01330373,15.01970357,0.05404618,105.01640667
-0.00000000,1.00014704,0.00203790,3.00868707,0.03014300,15.08510373,0.33608263,105.49683366
-0.00000000,0.99997303,0.00197772,3.00858477,0.03848117,15.08965737,0.53749702,105.53667261
-0.00000000,0.99981706,-0.00000578,3.00399402,0.01927573,15.01129776,0.35344572,104.48511231
0.00000000,1.00026213,0.00073639,3.00888949,0.03056310,15.07326517,0.56479337,105.27779680
0.00000000,1.00013585,0.00023872,3.00736789,0.01527925,15.05474548,0.33959980,105.04809456
0.00000000,0.99949726,0.00029942,3.00064275,0.01874455,14.98582156,0.41298323,104.20594460
0.00000000,0.99946593,0.00034519,3.00118156,0.01845026,15.01541666,0.31121729,104.89125267
0.00000000,0.99981538,0.00115837,3.00260564,0.03075450,15.02468786,0.52091746,104.85791007
0.00000000,0.99978878,0.00286990,3.00284677,0.03787833,15.05622381,0.52963975,105.81437375
0.00000000,0.99908150,0.00486770,2.99862592,0.06230660,15.03275269,0.84893541,105.76378520
-0.00000000,0.99887842,0.00371122,2.99759581,0.04768821,15.01883407,0.62449313,105.56858016
0.00000000,0.99844625,0.00325939,2.99278357,0.04177799,14.97648550,0.58722257,105.17433947
0.00000000,0.99886919,0.00314860,2.99121419,0.04160061,14.96250721,0.59152201,105.15707936
0.00000000,0.99924831,0.00377225,2.98991756,0.04863144,14.93094821,0.67202121,104.95209347
-0.00000000,0.99964586,0.00358734,2.99305468,0.04361254,14.94338181,0.51529875,104.78267508
-0.00000000,0.99940999,0.00294636,2.99819640,0.03822826,15.02588525,0.48236258,105.79412979
0.00000000,0.99882535,0.00092598,2.99282347,0.01402403,14.95381648,0.23125159,104.62354604
0.00000000,0.99881824,0.00034955,2.99517417,0.00723833,14.95937725,0.13226094,104.20161173
-0.00000000,0.99942195,-0.00063124,2.99825109,-0.00352116,14.96740119,-0.09808821,104.15806230
0.00000000,0.99896054,0.00089571,2.99501076,0.01116257,14.96797982,0.05297626,104.55083919
-0.00000000,0.99870690,0.00000653,2.99178779,0.00429605,14.95762815,0.05296447,104.78292102
-0.00000000,0.99890996,0.00041240,2.99324253,0.00811926,14.98766983,0.08650033,105.30697660
-0.00000000,0.99934815,0.00079799,2.99725742,0.01590659,15.01884174,0.15817430,105.82143344
-0.00000000,0.99994817,0.00133874,3.00222238,0.02182489,15.06750128,0.19165878,106.50121901
0.00000000,1.00025539,0.00260275,3.00694883,0.03426985,15.11810576,0.43913025,107.13398930
0.00000000,1.00044768,0.00077143,3.00660629,0.01084687,15.09429099,0.11928170,106.45861590
0.00000000,1.00069827,0.00153096,3.00928428,0.00933009,15.09877268,0.05745172,106.16297742
-0.00000000,1.00016675,-0.00013496,3.00848444,-0.00509920,15.12213397,-0.09062684,106.63526250
0.00000000,0.99984718,-0.00057100,3.00581779,-0.01281947,15.08775506,-0.25942470,106.22028034
-0.00000000,0.99981059,-0.00078068,3.00364945,-0.01322275,15.05771253,-0.21353550,105.77011389
-0.00000000,0.99979676,-0.00075769,3.00203840,-0.01347465,15.04322022,-0.16469055,105.78471041
-0.00000000,1.00027541,0.00121597,3.00533949,0.00130272,15.06238299,-0.08671532,105.87824416
0.00000000,1.00007002,-0.00031388,3.00319234,-0.00811002,15.03774998,-0.14003976,105.53125829
-0.00000000,0.99971889,-0.00034018,3.00026253,-0.00121466,14.98159294,-0.00923777,104.38237153
-0.00000000,1.00046479,0.00188385,3.00561154,0.02028274,15.02616945,0.20929274,104.72577782
-0.00000000,1.00045169,0.00326444,3.00211212,0.03390116,14.99038539,0.31003072,104.57336620
0.00000000,1.00100338,0.00210846,3.01166873,0.01750051,15.10986349,0.03672868,106.16866464
0.00000000,1.00140205,0.00245411,3.01627059,0.02454446,15.15851016,0.10939038,106.71561786
-0.00000000,1.00188710,0.00185246,3.01902428,0.03328319,15.17954700,0.43865855,106.93635822
0.00000000,1.00187963,0.00087495,3.01597312,0.02274614,15.12492083,0.24918248,106.17571589
0.00000000,1.00200231,0.00080411,3.01457375,0.01934073,15.11054093,0.20987446,106.05582767
0.00000000,1.00237220,0.00075934,3.01829310,0.01452336,15.13448940,0.13999786,106.17883061
-0.00000000,1.00230266,0.00129830,3.01425180,0.01534988,15.08638303,0.05862149,105.50332442
-0.00000000,1.00190235,0.00165703,3.01231794,0.01502221,15.07822707,0.06816405,105.40219172
-0.00000000,1.00215760,0.00113071,3.01323728,0.00786937,15.06244809,0.04819720,105.04804395
-0.00000000,1.00147682,0.00090348,3.01026993,0.00768780,15.02706367,0.03681916,104.39703460
-0.00000000,1.00078453,-0.00213358,3.00301713,-0.02225894,14.94870680,-0.25290109,103.57739073
-0.00000000,1.00059007,-0.00075013,3.00174776,-0.00671068,14.96426119,-0.04003693,104.07821800
-0.00000000,1.00055488,-0.00166973,2.99923455,-0.01022825,14.93608444,-0.09009511,103.80752301
0.00000000,1.00034033,-0.00194239,2.99748045,-0.00705085,14.90795087,-0.07562573,103.16519050
0.00000000,1.00116047,-0.00250878,3.00609573,-0.01182712,15.00332326,-0.13212536,104.24363535
-0.00000000,1.00122732,-0.00298085,3.00596337,-0.01998180,15.01310325,-0.20999198,104.34863969
0.00000000,1.00063835,-0.00303538,3.00375647,-0.02064309,15.01850919,-0.15792357,104.61926958
-0.00000000,1.00105405,-0.00394288,3.00691288,-0.03232399,15.06126209,-0.37015884,105.46698144
0.00000000,1.00039575,-0.00400944,3.00252307,-0.03719858,15.02006114,-0.49173934,105.01002598
-0.00000000,1.00031495,-0.00441889,3.00357450,-0.04011498,15.04108624,-0.48184455,105.40239147
-0.00000000,1.00052235,-0.00489474,3.00476341,-0.03999441,15.05893735,-0.43908655,105.73029259
0.00000000,1.00046623,-0.00484321,3.00595770,-0.04405398,15.09512179,-0.55755642,106.43853393
-0.00000000,1.00039550,-0.00603152,3.00475825,-0.05300431,15.09160902,-0.59662913,106.70409848
0.00000000,1.00025867,-0.00505872,3.00390274,-0.04123769,15.05958216,-0.37391598,105.94051665
0.00000000,1.00071688,-0.00419700,3.00461323,-0.02977233,15.04277818,-0.23445492,105.42562038
0.00000000,1.00052026,-0.00541964,3.00401373,-0.04279953,15.06128704,-0.38948033,106.13986666
-0.00000000,1.00042460,-0.00441724,3.00726655,-0.02802624,15.08122525,-0.22161736,105.90750882
0.00000000,0.99975762,-0.00423522,3.00443115,-0.01978858,15.06176496,-0.05134186,105.73215996
-0.00000000,0.99992100,-0.00420319,3.00537803,-0.02266362,15.06247553,-0.07546865,105.46165367
0.00000000,1.00008797,-0.00383382,3.00619635,-0.01518025,15.07771265,0.01755456,105.76475330
-0.00000000,1.00048018,-0.00290497,3.00755965,0.00210739,15.05490057,0.36251236,105.04830385
-0.00000000,1.00119661,-0.00441363,3.01105493,-0.02302573,15.09937930,0.01636097,105.77235197
-0.00000000,1.00071841,-0.00513702,3.00482983,-0.02475825,15.02515643,0.06958619,104.84977499
0.00000000,1.00145650,-0.00418923,3.00740739,-0.01814523,15.04205492,0.07016408,105.19857307
-0.00000000,1.00123974,-0.00441315,3.00690138,-0.02212576,15.05248204,0.03487782,105.46819571
0.00000000,1.00137372,-0.00345922,3.00742391,-0.01023427,15.08014431,0.16654559,106.12654087
-0.00000000,1.00161110,-0.00246229,3.01131157,-0.00043113,15.12715258,0.32272106,106.85729480
-0.00000000,1.00156580,-0.00125693,3.01103434,0.01167036,15.08134003,0.46074989,105.44857318
0.00000000,1.00058913,-0.00050022,3.00669036,0.02308936,15.04851281,0.53533663,104.88814210
0.00000000,1.00110037,-0.00058151,3.01200250,0.01340922,15.09889158,0.30259991,105.51210321
-0.00000000,1.00099210,-0.00136518,3.00998283,0.01247313,15.06577674,0.42696173,104.98452436
-0.00000000,1.00132754,-0.00039375,3.01151757,0.02070430,15.10204772,0.47894421,105.94799920
0.00000000,1.00090228,0.00060035,3.00655522,0.01566707,15.04583221,0.26510471,105.36125670
0.00000000,1.00075462,0.00091506,3.00499895,0.01400787,15.02227487,0.23694027,105.02919388
-0.00000000,1.00079642,0.00120618,3.00475626,0.01425635,15.01923685,0.24333952,105.00248693
-0.00000000,1.00080113,0.00227214,3.00690816,0.02932111,15.05173359,0.43736283,105.73066667
0.00000000,1.00072489,0.00119238,3.00479560,0.01181511,15.01966502,0.09281100,105.24798890
0.00000000,0.99996899,0.00075849,3.00120717,0.01090240,14.98837600,0.09114120,104.64296258
0.00000000,0.99896731,-0.00116999,2.99503375,-0.01270752,14.96377673,-0.11500400,105.07463867
0.00000000,0.99845583,-0.00033987,2.99342979,-0.00479018,14.99515080,-0.03028753,106.35467320
-0.00000000,0.99795479,0.00035669,2.99132916,0.00626761,15.00871102,0.09984956,107.06426010
0.00000000,0.99816311,0.00041716,2.99429427,0.01991311,15.01882222,0.46638920,106.78764300
-0.00000000,0.99748218,0.00049981,2.99033111,0.02143055,14.99274187,0.42548933,106.08836349
-0.00000000,0.99720292,0.00091481,2.98789305,0.01760418,14.97436388,0.32631832,106.04233556
-0.00000000,0.99699941,0.00001872,2.98538126,0.01114581,14.93686654,0.29315498,105.55564949
0.00000000,0.99703933,0.00138758,2.98656793,0.02538011,14.94022525,0.43410174,105.47052536
-0.00000000,0.99710699,-0.00048130,2.98887137,0.00172364,14.95264067,0.05819101,105.26178337
-0.00000000,0.99734545,-0.00144374,2.98986039,-0.01486475,14.96478081,-0.25669472,105.39576473
-0.00000000,0.99808980,-0.00156149,2.99306701,-0.02768349,14.96981095,-0.48829867,105.04171174
0.00000000,0.99859763,-0.00132026,2.99620004,-0.01871949,14.97647340,-0.30115750,104.65860382
-0.00000000,0.99838392,-0.00232824,2.99534646,-0.03508157,14.99778025,-0.56729784,105.46674194
-0.00000000,0.99826656,-0.00345594,2.99243723,-0.04246572,14.98082770,-0.63292630,105.78544517
-0.00000000,0.99861064,-0.00410670,2.99396454,-0.05011721,14.97800783,-0.76826285,105.36765164
-0.00000000,0.99844363,-0.00368083,2.99310635,-0.05252165,14.97324777,-0.83024382,105.26728398
0.00000000,0.99951174,-0.00449058,2.99992067,-0.06471824,15.02352473,-1.05887536,105.69088641
0.00000000,0.99924871,-0.00532745,3.00025770,-0.07051269,15.06995759,-0.99542083,106.81305257
-0.00000000,0.99874480,-0.00542194,2.99387442,-0.07159886,14.97924344,-0.96747797,105.18323257
-0.00000000,0.99844013,-0.00573388,2.99401091,-0.06971543,14.99847240,-0.84759635,105.73657132
-0.00000000,0.99864765,-0.00367069,2.99284118,-0.04703315,14.96873458,-0.64368967,105.19019133
-0.00000000,0.99852405,-0.00440000,2.99217902,-0.06246614,14.96286819,-0.88005251,104.98804113
0.00000000,0.99822367,-0.00359155,2.99398358,-0.05055424,14.96623245,-0.70092379,104.65005506
-0.00000000,0.99823129,-0.00357589,2.99443362,-0.04951934,14.96550347,-0.73230955,104.49159635
-0.00000000,0.99802728,-0.00353366,2.99316423,-0.05962623,14.96040599,-0.97285945,104.43567721
0.00000000,0.99819914,-0.00364422,2.99527609,-0.05511420,14.99699741,-0.84140041,105.07925332
0.00000000,0.99851507,-0.00347776,2.99694152,-0.04748860,14.99450950,-0.64653233,104.89122100
0.00000000,0.99835135,-0.00291039,2.99613040,-0.03639447,15.00957629,-0.46586861,105.39797516
0.00000000,0.99837740,-0.00285405,2.99518918,-0.03316302,14.98214839,-0.35241623,104.89006639
0.00000000,0.99927491,-0.00219169,2.99757020,-0.02823190,14.98808842,-0.30822717,104.98856686
-0.00000000,0.99897360,-0.00300105,2.99774706,-0.03125235,14.98287837,-0.24285343,104.79663429
0.00000000,0.99919964,-0.00288539,3.00019819,-0.03129658,15.00755405,-0.23371166,105.04051579
-0.00000000,0.99868731,-0.00232262,2.99583618,-0.02883537,14.94368176,-0.26865197,103.80830798
0.00000000,0.99887351,-0.00232861,2.99973896,-0.02778611,14.99499470,-0.29311042,104.60721958
-0.00000000,0.99906289,-0.00366581,2.99831026,-0.04435338,14.95112411,-0.45705551,103.98063568
0.00000000,0.99929443,-0.00420037,2.99944358,-0.04740377,14.97627046,-0.44932448,104.74119979
-0.00000000,0.99893132,-0.00381140,2.99927838,-0.05285936,14.99594747,-0.67843291,105.19995156
0.00000000,0.99841341,-0.00460503,2.99715973,-0.05816187,14.98787576,-0.74714267,104.93799583
0.00000000,0.99892081,-0.00480985,2.99659981,-0.05370591,14.94898665,-0.63934532,104.20659267
-0.00000000,0.99923042,-0.00474275,2.99875136,-0.04967010,14.97581866,-0.58575748,104.46853960
-0.00000000,0.99858253,-0.00404799,2.99387087,-0.04569199,14.91763168,-0.52450046,103.59021456
-0.00000000,0.99867200,-0.00357828,2.99264368,-0.04471575,14.90587322,-0.54163533,103.43035486
-0.00000000,0.99820763,-0.00291302,2.98820442,-0.03247423,14.85988197,-0.33777661,102.85627182
-0.00000000,0.99876666,-0.00210010,2.99014606,-0.02275753,14.85568174,-0.23863035,102.65696011
-0.00000000,0.99805670,-0.00220892,2.98865394,-0.01792795,14.85742294,-0.15566755,102.64460340
-0.00000000,0.99766363,-0.00167373,2.98484992,-0.01505899,14.81721310,-0.12058653,102.20792352
0.00000000,0.99743900,-0.00362258,2.98083323,-0.03880025,14.77925884,-0.44211651,101.85157075
0.00000000,0.99777226,-0.00290581,2.98239675,-0.02983135,14.79709761,-0.35398421,102.07945341
0.00000000,0.99748537,-0.00355078,2.97962007,-0.03600848,14.75057893,-0.39561506,101.28277057
-0.00000000,0.99798765,-0.00366086,2.98134081,-0.03405019,14.75696002,-0.29760854,101.28635867
-0.00000000,0.99789237,-0.00302835,2.98382125,-0.03050626,14.81664463,-0.26651900,102.46921774
0.00000000,0.99777399,-0.00349641,2.97933929,-0.02703019,14.76870396,-0.10747531,101.95910650
0.00000000,0.99794062,-0.00437685,2.98081470,-0.03801184,14.76910487,-0.29753948,101.83429795
0.00000000,0.99800680,-0.00323625,2.98301982,-0.02961431,14.80316241,-0.17082134,102.36346599
0.00000000,0.99795855,-0.00287851,2.98298383,-0.03390364,14.81232586,-0.33781471,102.42541475
-0.00000000,0.99817746,-0.00320959,2.98495577,-0.04644621,14.83610188,-0.57119325,102.82817157
0.00000000,0.99852292,-0.00219594,2.98635428,-0.03787298,14.84979739,-0.48807168,102.99219315
-0.00000000,0.99857865,-0.00234455,2.98723440,-0.03551490,14.86651191,-0.51603687,103.23846020
-0.00000000,0.99822911,-0.00227251,2.98571227,-0.02506247,14.85989491,-0.28600666,103.18670527
-0.00000000,0.99815689,-0.00218141,2.98456572,-0.02816273,14.83501863,-0.34175363,102.71846689
0.00000000,0.99804759,-0.00280117,2.98538147,-0.02924538,14.86346915,-0.28517555,103.19494358
0.00000000,0.99804736,-0.00321106,2.98798562,-0.03337061,14.89233481,-0.29425518,103.56348860
-0.00000000,0.99852339,-0.00283233,2.99093867,-0.02944785,14.90973447,-0.29023864,103.54437170
0.00000000,0.99780616,-0.00262245,2.98604416,-0.03202874,14.85596019,-0.33045395,102.81727095
-0.00000000,0.99815176,-0.00165761,2.98855464,-0.02163786,14.87428293,-0.18968409,102.94174897
0.00000000,0.99800686,-0.00199135,2.98459983,-0.02811789,14.84613396,-0.29154460,102.91886596
-0.00000000,0.99852579,-0.00171971,2.98645504,-0.02073348,14.86439440,-0.14943861,103.33589531
-0.00000000,0.99882538,-0.00225608,2.98664595,-0.02316142,14.84057344,-0.14884557,102.90165884
0.00000000,0.99895307,-0.00277653,2.98565431,-0.02464259,14.81607850,-0.11893594,102.45402712
0.00000000,0.99898938,-0.00276316,2.98536400,-0.02778521,14.80015725,-0.21294004,102.28100874
-0.00000000,0.99902648,-0.00139693,2.98682490,-0.01586105,14.81810002,-0.11368391,102.44889698
0.00000000,0.99969364,-0.00124419,2.99010437,-0.01080634,14.81780553,-0.01967086,101.93470470
-0.00000000,0.99993739,-0.00111233,2.99184702,-0.00779170,14.83843775,0.01130036,102.27259853
-0.00000000,1.00020648,-0.00009280,2.99222734,0.00655687,14.84314474,0.13994405,102.32479104
0.00000000,0.99993006,-0.00042056,2.99251945,-0.00340163,14.86557944,-0.00097861,102.77750061
-0.00000000,0.99966675,-0.00089982,2.99106613,-0.00332678,14.85646852,0.04073322,102.80899147
0.00000000,0.99990835,-0.00162893,2.99301347,-0.01788741,14.86280499,-0.20815036,102.64227077
-0.00000000,1.00003364,-0.00020489,2.99291715,-0.00097882,14.86492827,-0.00795245,102.74443144
0.00000000,0.99990929,0.00072958,2.99203065,0.01134762,14.83964472,0.17182363,102.36499391
-0.00000000,0.99960747,-0.00086541,2.99255556,-0.00820155,14.87508524,0.00156615,103.30126332
0.00000000,0.99955416,0.00105042,2.99092280,0.01236987,14.83133494,0.20692427,102.33492494
0.00000000,0.99920584,0.00160600,2.98692270,0.01834739,14.78495419,0.21886096,101.72116681
0.00000000,0.99939627,0.00119232,2.98540103,0.01690347,14.77053443,0.22908456,101.83113375
0.00000000,0.99879889,0.00066939,2.98120864,0.01468367,14.74743237,0.21510458,101.73654746
0.00000000,0.99879457,0.00102220,2.98112458,0.02038165,14.74449417,0.31448497,101.63134645
-0.00000000,0.99827105,0.00029473,2.97627543,0.00927763,14.71617933,0.11495690,101.65848100
-0.00000000,0.99827301,0.00188494,2.97607180,0.02325995,14.72221859,0.23913944,101.78471807
-0.00000000,0.99831840,0.00170541,2.97444972,0.02453920,14.70514978,0.31255454,101.72748807
0.00000000,0.99855662,0.00220369,2.97874554,0.02808974,14.74897903,0.34242655,102.17240131
0.00000000,0.99866423,0.00179436,2.97969428,0.02281794,14.77099396,0.29213217,102.70410537
0.00000000,0.99882784,0.00181714,2.98071835,0.02880678,14.76470481,0.40261348,102.20110918
0.00000000,0.99880134,0.00163681,2.97906222,0.02020383,14.73314197,0.27347903,101.75691865
0.00000000,0.99922366,0.00234025,2.97793002,0.02772993,14.68635224,0.33549004,100.76809324
-0.00000000,0.99876652,0.00130203,2.97647549,0.02239470,14.68283225,0.36361191,100.70831355
-0.00000000,0.99899717,0.00151900,2.97754966,0.02571290,14.68004503,0.40306890,100.44166947
-0.00000000,0.99878170,0.00209869,2.97932616,0.03219243,14.71600147,0.45648459,100.97265547
0.00000000,0.99926818,0.00225884,2.98047272,0.03470549,14.71014766,0.48882021,100.72489853
-0.00000000,0.99875390,0.00286720,2.97737692,0.03637103,14.66827695,0.47642755,99.99933226
-0.00000000,0.99890856,0.00351879,2.97482327,0.04039904,14.62980222,0.46827944,99.58348192
-0.00000000,0.99881879,0.00301423,2.97498384,0.03024529,14.64883118,0.29017477,99.99516137
0.00000000,0.99919751,0.00320895,2.97774470,0.03050473,14.68638560,0.32095516,100.69918583
-0.00000000,0.99894172,0.00210409,2.97865070,0.02199310,14.71512612,0.29737621,101.29556473
0.00000000,0.99948910,0.00133634,2.98278617,0.01539797,14.75238398,0.20777683,101.78569929
-0.00000000,0.99964498,0.00231645,2.98799843,0.02540742,14.82701433,0.33193236,102.92006744
0.00000000,1.00000081,0.00180836,2.98999883,0.02931608,14.83853386,0.51104294,102.95786092
0.00000000,0.99987577,0.00158736,2.99399909,0.02888438,14.89929197,0.49299361,103.45885040
0.00000000,0.99937714,0.00198873,2.99292409,0.03342700,14.91985804,0.55775889,103.95901382
0.00000000,0.99928996,-0.00006011,2.99336473,0.01356003,14.93762005,0.32205757,104.40781990
0.00000000,0.99934100,0.00036489,2.99700428,0.01560676,14.98058941,0.36022627,104.95404562
0.00000000,0.99963777,-0.00003835,2.99973697,0.00971531,15.00913466,0.24787346,105.14375344
-0.00000000,0.99911319,0.00066176,2.99422743,0.01924249,14.94131907,0.34872787,104.12037186
0.00000000,0.99907634,0.00180383,2.99447430,0.03242051,14.94314442,0.53205226,104.10169088
-0.00000000,0.99876043,0.00250613,2.99440635,0.04198840,14.95484439,0.66966169,104.32280075
0.00000000,0.99890758,0.00223768,2.99606367,0.03631618,14.99623262,0.61792286,105.15888011
0.00000000,0.99869875,0.00184672,2.99682141,0.03742002,15.01456777,0.66546316,105.44415151
0.00000000,0.99880772,0.00162185,2.99595153,0.03770721,15.02295651,0.64572474,105.85274273
0.00000000,0.99899852,0.00154520,2.99841476,0.04735401,15.04312664,0.88245059,106.17709023
-0.00000000,0.99922461,0.00240023,3.00004507,0.05494581,15.05879902,0.89582409,106.24224597
0.00000000,0.99931333,0.00181269,2.99998128,0.04626386,15.04095356,0.73151895,105.67016018
0.00000000,0.99898095,0.00196726,2.99940605,0.04919900,15.06024648,0.78349772,106.20570901
0.00000000,0.99911653,0.00176000,3.00049621,0.04562096,15.06642854,0.72776344,106.30679182
0.00000000,0.99867346,0.00262182,2.99813117,0.05112414,15.04815756,0.82630017,106.19199996
0.00000000,0.99844968,0.00285714,2.99667508,0.05184603,15.03944791,0.85191604,106.15444326
-0.00000000,0.99864537,0.00235202,2.99916685,0.04522068,15.06849148,0.75567831,106.46761231
-0.00000000,0.99851736,0.00137863,2.99788766,0.03807047,15.03746019,0.73899507,105.87341705
0.00000000,0.99874318,0.00140294,3.00243322,0.02601640,15.08435614,0.44956237,106.33758054
-0.00000000,0.99828377,0.00032864,2.99957894,0.01896827,15.05045157,0.38019976,105.90197772
-0.00000000,0.99865327,-0.00037611,3.00341433,0.00799118,15.09554882,0.19765171,106.54970813
-0.00000000,0.99903806,-0.00176077,3.00641335,-0.00442417,15.11590550,0.07417034,106.58467633
-0.00000000,0.99887622,-0.00157629,3.00328040,-0.00634014,15.08650381,0.01398869,106.30945205
0.00000000,0.99877428,-0.00155021,3.00321492,-0.00345800,15.09571965,0.07526669,106.52175434
-0.00000000,0.99846695,-0.00172713,3.00156078,-0.00318139,15.08933742,0.09534659,106.53580506
-0.00000000,0.99897173,-0.00135533,3.00526133,-0.00066573,15.13025421,0.09674380,107.07175586
-0.00000000,0.99883262,-0.00240821,2.99918079,-0.01325089,15.04816094,0.03022257,105.97823962
0.00000000,0.99880890,-0.00287949,2.99955782,-0.01611426,15.05963605,-0.02807159,106.17288061
-0.00000000,0.99873353,-0.00233120,2.99698242,-0.00836577,15.02080487,0.07278315,105.58973570
-0.00000000,0.99827737,-0.00124355,2.99721448,0.00202855,15.03244892,0.18361015,105.72484535
-0.00000000,0.99792168,-0.00123320,2.99498776,0.00173308,15.02704086,0.17639783,105.81135279
-0.00000000,0.99821197,-0.00127901,2.99829905,-0.00592058,15.06611677,-0.00342376,106.39695861
0.00000000,0.99805800,-0.00166485,2.99585967,-0.00546901,15.03558027,0.05479186,105.95328429
-0.00000000,0.99776821,-0.00156128,2.99524479,-0.00101541,15.04074653,0.14465433,106.08908859
-0.00000000,0.99796997,-0.00092512,2.99943798,0.00169477,15.09430299,0.12383974,106.77924635
0.00000000,0.99799103,-0.00083176,3.00176068,0.00006470,15.12536324,0.09139402,107.02147323
-0.00000000,0.99813758,-0.00101698,3.00132620,-0.00698243,15.09821763,-0.01569084,106.45383053
-0.00000000,0.99814985,-0.00142890,2.99843352,-0.00731262,15.06809652,0.04335518,106.40486458
-0.00000000,0.99829312,-0.00126809,2.99761102,-0.00548933,15.05393194,0.06735161,106.17094554
-0.00000000,0.99850886,-0.00318790,2.99854154,-0.02711057,15.03865407,-0.15085590,105.66045576
-0.00000000,0.99866794,-0.00276030,3.00045232,-0.02159028,15.07329965,-0.12388863,106.35901566
0.00000000,0.99882232,-0.00240816,3.00133138,-0.02123017,15.06717613,-0.10955778,106.21820628
0.00000000,0.99830594,-0.00194157,2.99660240,-0.01367606,15.02854699,-0.02901583,105.82851259
0.00000000,0.99800458,-0.00171021,2.99660936,-0.00797811,15.04011261,0.02977065,105.95173740
-0.00000000,0.99770127,-0.00154227,2.99166223,-0.01192639,14.98377935,-0.05472010,105.30087985
-0.00000000,0.99765852,-0.00100237,2.99239813,-0.00351460,14.99572733,0.06750832,105.50432044
0.00000000,0.99690963,0.00014790,2.98705416,0.00502963,14.95453843,0.14426557,105.21953352
0.00000000,0.99733518,0.00053909,2.99116565,0.00894815,14.99077121,0.14717767,105.51321883
-0.00000000,0.99772286,0.00066808,2.99583767,0.00812961,15.02390297,0.11134811,105.55615995
-0.00000000,0.99784042,0.00103435,2.99422682,0.01494349,15.00030921,0.21135221,105.26262544
-0.00000000,0.99770856,-0.00017346,2.99203414,-0.00038902,14.97119499,0.01820726,104.75202572
0.00000000,0.99728347,0.00043130,2.99078499,0.00338436,14.95988445,0.07198153,104.60131259
-0.00000000,0.99773072,0.00080970,2.99287643,0.01610942,14.96920662,0.28748287,104.64867682
-0.00000000,0.99798813,0.00051906,2.99282706,0.01499370,14.95312386,0.28974784,104.25098133
0.00000000,0.99825878,0.00102135,2.99319720,0.02206309,14.95101355,0.39604074,104.17557280
-0.00000000,0.99787341,-0.00037488,2.99056198,0.00607861,14.92457280,0.20653551,103.90144610
0.00000000,0.99765586,-0.00004695,2.98983230,0.01343033,14.93542904,0.29158179,104.26527587
-0.00000000,0.99759139,0.00018135,2.98873463,0.01491298,14.91078222,0.31426260,103.70939198
-0.00000000,0.99775259,0.00023392,2.98956343,0.01386785,14.90956418,0.26343289,103.59121298
-0.00000000,0.99761014,0.00013796,2.99022719,0.01256209,14.93681812,0.27847165,104.17852778
-0.00000000,0.99742991,0.00051578,2.98781061,0.00741674,14.90345767,0.11817459,103.63905566
0.00000000,0.99791051,0.00077713,2.98825741,0.00668430,14.87961194,0.05849217,103.01534194
-0.00000000,0.99805214,-0.00042402,2.98894021,-0.00546291,14.88376388,-0.07169346,103.07182781
-0.00000000,0.99804578,-0.00133177,2.98880205,-0.01316496,14.88937359,-0.16615698,103.24978886
0.00000000,0.99768727,-0.00128093,2.98465965,-0.01361990,14.83640146,-0.17002166,102.60598932
-0.00000000,0.99785835,-0.00081435,2.98597458,-0.00968689,14.85445869,-0.14737860,102.90232112
-0.00000000,0.99763140,-0.00160006,2.98567984,-0.01748741,14.86169838,-0.21436418,103.06252750
-0.00000000,0.99799849,-0.00077302,2.98640688,-0.01284790,14.85623631,-0.20392642,102.81288147
0.00000000,0.99778217,-0.00084038,2.98417831,-0.01305014,14.82775276,-0.20423912,102.45837062
-0.00000000,0.99767226,-0.00094713,2.98422172,-0.01597354,14.83861874,-0.20691390,102.58814061
-0.00000000,0.99730018,-0.00037689,2.98161787,-0.01079317,14.82699628,-0.18318159,102.53912117
0.00000000,0.99742869,-0.00068695,2.98261228,-0.01054785,14.84302662,-0.16747943,102.84943727
0.00000000,0.99748957,-0.00126577,2.98292062,-0.01999158,14.83323442,-0.26554494,102.64410494
0.00000000,0.99745541,-0.00151511,2.98311992,-0.01934441,14.84272789,-0.22440640,102.87986121
0.00000000,0.99799977,-0.00145715,2.98832904,-0.01521227,14.87490538,-0.13403013,102.91487932
0.00000000,0.99766654,-0.00086673,2.98598751,-0.00758916,14.86116062,-0.00305345,102.86960613
0.00000000,0.99734537,-0.00070577,2.98325506,-0.00473379,14.84351211,0.00132089,102.89220867
-0.00000000,0.99747502,0.00008519,2.98293501,0.01047920,14.83563792,0.23455537,102.72146785
0.00000000,0.99737602,0.00103361,2.98343127,0.01640974,14.83739527,0.21700637,102.73459679
-0.00000000,0.99718680,0.00074925,2.98377611,0.01406396,14.85606576,0.16202754,103.09866665
-0.00000000,0.99655163,0.00034295,2.98077071,0.00605791,14.83890256,0.04154913,103.08100059
-0.00000000,0.99621345,0.00110131,2.97878551,0.01410306,14.82458431,0.13293256,102.97821310
0.00000000,0.99588437,0.00056138,2.97554528,0.00932423,14.79083846,0.05805741,102.58596020
0.00000000,0.99639125,-0.00012457,2.97821625,-0.00233636,14.81255516,-0.09878469,102.77135742
0.00000000,0.99651040,-0.00053722,2.98023172,-0.00636687,14.85175224,-0.11727230,103.49194918
0.00000000,0.99697280,0.00024314,2.98354167,0.00628881,14.88731045,0.04404698,103.89888857
-0.00000000,0.99732698,0.00033943,2.98616381,0.00825377,14.89730273,0.05167618,103.93621398
-0.00000000,0.99725276,0.00133314,2.98689192,0.01527696,14.90547213,0.08023608,103.99445111
0.00000000,0.99746294,0.00118941,2.98609677,0.01155040,14.88816925,0.04149445,103.81954836
0.00000000,0.99759930,0.00077827,2.98543667,0.00823682,14.87173398,0.03110438,103.48205541
-0.00000000,0.99734434,0.00012624,2.98533667,0.00205997,14.87671093,-0.04514165,103.57003667
-0.00000000,0.99768491,-0.00002739,2.98829895,-0.00272570,14.90374177,-0.13418610,103.81381118
0.00000000,0.99779711,0.00021453,2.98886238,0.00338366,14.90186045,-0.01017425,103.64231712
-0.00000000,0.99815023,0.00042969,2.98997616,0.00593453,14.89426672,0.02792158,103.45966495
0.00000000,0.99804700,0.00060752,2.98707683,0.00472370,14.87182990,-0.02276507,103.34647320
0.00000000,0.99847756,0.00000316,2.99114894,-0.00112783,14.91409575,-0.13095213,103.92442146
-0.00000000,0.99827738,0.00035987,2.99226025,0.00293732,14.93344043,-0.05776365,104.14022264
-0.00000000,0.99794544,0.00040612,2.99006549,0.00222271,14.92250615,-0.05805537,104.11765116
0.00000000,0.99819793,-0.00021516,2.99171642,0.00260716,14.94833139,-0.03466636,104.58958554
-0.00000000,0.99826737,0.00004146,2.99273415,0.00166731,14.95877971,-0.07368166,104.63840922
0.00000000,0.99835164,-0.00074188,2.99229290,-0.00559165,14.95629749,-0.14220020,104.67544787
-0.00000000,0.99833446,-0.00139018,2.99050764,-0.01397438,14.93302658,-0.23842526,104.39231474
-0.00000000,0.99845482,-0.00128743,2.99204970,-0.01200231,14.94993232,-0.19939705,104.55891587
-0.00000000,0.99861661,-0.00096211,2.99136962,-0.00209366,14.94507609,-0.03739430,104.65978304
0.00000000,0.99851657,-0.00148675,2.99224057,-0.01097611,14.96379894,-0.18428809,105.02242435
0.00000000,0.99831370,-0.00271548,2.99055843,-0.02946848,14.95618388,-0.42615754,105.15845685
0.00000000,0.99836579,-0.00351735,2.99130681,-0.03330363,14.97101258,-0.43415713,105.54668292
0.00000000,0.99870232,-0.00429519,2.99348207,-0.04214370,14.99225776,-0.52984836,105.68775975
-0.00000000,0.99869365,-0.00374973,2.99389721,-0.03885988,14.99409170,-0.56031493,105.73418557
0.00000000,0.99854103,-0.00294780,2.99046424,-0.02904161,14.93629348,-0.43120190,104.86410702
-0.00000000,0.99863659,-0.00381726,2.98913043,-0.03765178,14.91480592,-0.50468088,104.42787010
0.00000000,0.99894444,-0.00383256,2.99191390,-0.03087449,14.94892684,-0.40585872,104.89494056
0.00000000,0.99961276,-0.00437683,2.99642311,-0.03594595,14.99310091,-0.45915192,105.40491849
-0.00000000,0.99988620,-0.00493300,2.99700065,-0.04311176,14.98484673,-0.58395674,105.18544674
0.00000000,1.00036539,-0.00532207,2.99962256,-0.04843299,15.00559556,-0.63063052,105.38465164
-0.00000000,1.00031294,-0.00488572,2.99794772,-0.04522681,14.96757433,-0.58136324,104.67942054
-0.00000000,1.00064091,-0.00434640,3.00176801,-0.04217947,15.01007250,-0.54280047,105.20836003
-0.00000000,1.00074309,-0.00458643,3.00047105,-0.04544240,14.98844058,-0.55262483,104.86534551
-0.00000000,1.00103683,-0.00415227,3.00063449,-0.03816390,14.97267311,-0.40855595,104.46801876
0.00000000,1.00090426,-0.00450301,3.00032564,-0.03849550,14.98422903,-0.36376684,104.81645500
0.00000000,1.00100123,-0.00449516,3.00156988,-0.03978034,14.99529170,-0.44987957,104.90944437
0.00000000,1.00093250,-0.00455806,3.00094620,-0.03831543,14.99396295,-0.42967813,105.04657511
0.00000000,1.00128330,-0.00385216,3.00183884,-0.02656372,14.99569288,-0.25476158,104.97598220
-0.00000000,1.00141342,-0.00468836,3.00504230,-0.03885341,15.04162536,-0.41067829,105.56476244
0.00000000,1.00177117,-0.00421078,3.00594975,-0.03407295,15.04738087,-0.34891073,105.78232957
0.00000000,1.00130158,-0.00399948,3.00209198,-0.02663636,15.00997470,-0.20656144,105.30161835
0.00000000,1.00144461,-0.00358439,3.00387167,-0.02118644,15.00967127,-0.13528388,104.92319294
0.00000000,1.00154085,-0.00313936,3.00527726,-0.02384212,15.03294559,-0.22067523,105.28536091
0.00000000,1.00164596,-0.00335388,3.00358306,-0.02331488,14.99669853,-0.19781560,104.75062061
0.00000000,1.00155503,-0.00326637,3.00462068,-0.02242960,15.02558460,-0.10813006,105.39458485
-0.00000000,1.00181026,-0.00376932,3.00501002,-0.02663058,15.02420749,-0.18745447,105.33618919
-0.00000000,1.00196199,-0.00390734,3.00611055,-0.03175156,15.03562857,-0.26659017,105.51242823
0.00000000,1.00235047,-0.00492831,3.00990051,-0.03644739,15.06813066,-0.25862035,105.82892244
-0.00000000,1.00268199,-0.00499897,3.01349348,-0.04020331,15.10889991,-0.34499483,106.33128003
-0.00000000,1.00267386,-0.00476002,3.01126544,-0.04181089,15.09596583,-0.39564781,106.38468183
0.00000000,1.00294559,-0.00462903,3.01067610,-0.03846636,15.07307837,-0.34631268,105.90750915
-0.00000000,1.00301885,-0.00449060,3.01107926,-0.03194620,15.08541769,-0.22379872,106.23203504
0.00000000,1.00286876,-0.00374437,3.00941284,-0.02700674,15.06446636,-0.21385897,105.85332395
0.00000000,1.00247208,-0.00334619,3.00674593,-0.02266232,15.03753709,-0.15761509,105.49272504
0.00000000,1.00237802,-0.00304386,3.00608377,-0.02607738,15.02088294,-0.27822643,105.17638499
0.00000000,1.00244194,-0.00325733,3.00539506,-0.03191771,15.00908621,-0.39779072,105.01313829
0.00000000,1.00231852,-0.00350393,3.00367682,-0.03613777,14.99242160,-0.46613081,104.76919307
0.00000000,1.00247615,-0.00345463,3.00559336,-0.03478647,15.01158503,-0.45492980,105.01779976
0.00000000,1.00246750,-0.00292095,3.00558752,-0.02376639,15.00836097,-0.26293611,104.89226010
0.00000000,1.00235544,-0.00338044,3.00731252,-0.03092075,15.03640312,-0.41412460,105.17891598
0.00000000,1.00285526,-0.00321387,3.01039856,-0.02903493,15.05712154,-0.37700433,105.34971883
0.00000000,1.00331815,-0.00301691,3.01567483,-0.02906625,15.11324984,-0.39190916,106.00145342
-0.00000000,1.00297455,-0.00350291,3.01466894,-0.03654586,15.11780134,-0.45287868,106.29848050
-0.00000000,1.00285440,-0.00485368,3.01355030,-0.04822001,15.10737912,-0.56677147,106.31950201
-0.00000000,1.00292488,-0.00510559,3.01311354,-0.04788249,15.09065145,-0.51644230,106.08691073
0.00000000,1.00317168,-0.00561618,3.01594777,-0.05165982,15.13913535,-0.54469023,107.05232934
0.00000000,1.00321072,-0.00592415,3.01326269,-0.05331014,15.11697606,-0.58535192,107.01151882
0.00000000,1.00315196,-0.00599969,3.01246030,-0.05347663,15.09105672,-0.53178266,106.35176419
0.00000000,1.00271676,-0.00659171,3.00963130,-0.06108014,15.06742885,-0.66337198,105.95461440
0.00000000,1.00285237,-0.00661193,3.00994264,-0.06043483,15.06555959,-0.66235787,105.94669850
-0.00000000,1.00283344,-0.00712902,3.00786630,-0.06490788,15.04685407,-0.68386482,105.83296020
-0.00000000,1.00339093,-0.00742801,3.01001902,-0.06971251,15.05125327,-0.74606066,105.69546885
-0.00000000,1.00323108,-0.00730665,3.00874110,-0.06828497,15.03162147,-0.75256291,105.22611585
0.00000000,1.00326858,-0.00823415,3.00833682,-0.07776195,15.01758519,-0.84790670,104.92589817
0.00000000,1.00322196,-0.00862867,3.00931094,-0.08200786,15.03112410,-0.87885517,105.11922248
-0.00000000,1.00361956,-0.00837022,3.01026699,-0.08255482,15.01539824,-0.88067117,104.62448895
-0.00000000,1.00398945,-0.00779020,3.01157717,-0.07770394,15.00325871,-0.82070734,104.20349092
-0.00000000,1.00390845,-0.00798718,3.01051510,-0.07455484,14.99361522,-0.74075772,104.07911374
-0.00000000,1.00369891,-0.00808962,3.00923806,-0.07699602,14.98752136,-0.73457998,104.06927135
0.00000000,1.00414241,-0.00786253,3.01211625,-0.07365631,15.00672173,-0.70626453,104.19392956
-0.00000000,1.00410471,-0.00824026,3.01113590,-0.07855038,14.99470001,-0.76178900,103.99199046
-0.00000000,1.00456357,-0.00820910,3.01376511,-0.07848537,15.01289349,-0.79958234,104.05611432
0.00000000,1.00433992,-0.00823727,3.01189107,-0.08302386,14.98835520,-0.86560346,103.67405484
0.00000000,1.00478713,-0.00812382,3.01364568,-0.08458559,14.97714991,-0.90855622,103.20338210
-0.00000000,1.00540516,-0.00852235,3.01743313,-0.09364822,15.00669172,-1.02324732,103.50950192
0.00000000,1.00539614,-0.00833433,3.01673520,-0.08934552,15.01029517,-0.96259624,103.71551410
-0.00000000,1.00546964,-0.00786826,3.01752079,-0.08789516,15.02128533,-1.01405960,103.94796695
-0.00000000,1.00552166,-0.00802924,3.01653809,-0.08873310,15.00197757,-1.03111396,103.73275659
0.00000000,1.00550182,-0.00774539,3.01590140,-0.08539164,14.98811893,-0.98232348,103.45665320
-0.00000000,1.00556511,-0.00691279,3.01725799,-0.07543474,15.01619586,-0.87285320,103.98701900
-0.00000000,1.00550728,-0.00733646,3.01601290,-0.08071662,15.00097960,-0.94063679,103.80555923
0.00000000,1.00554801,-0.00731958,3.01537291,-0.08056413,14.99197927,-0.93111505,103.69391211
-0.00000000,1.00562188,-0.00801696,3.01595475,-0.08784051,15.00094855,-0.99884158,103.94519953
-0.00000000,1.00612930,-0.00766429,3.01757006,-0.08476644,15.00463081,-0.96419974,103.84243457
0.00000000,1.00622362,-0.00758412,3.01869100,-0.08125312,15.01244289,-0.92366446,103.90549628
-0.00000000,1.00621611,-0.00712292,3.01829561,-0.07816534,15.01642841,-0.91883150,104.04119243
-0.00000000,1.00623927,-0.00708405,3.01614884,-0.07602496,14.97961748,-0.88005458,103.47227241
-0.00000000,1.00653302,-0.00710850,3.01963087,-0.07724669,15.01925351,-0.90368399,103.91307119
-0.00000000,1.00688131,-0.00760971,3.02240874,-0.08211997,15.04944441,-0.96971678,104.34900420
0.00000000,1.00674187,-0.00747455,3.02240007,-0.08134978,15.04964850,-0.95449216,104.29109992
0.00000000,1.00704659,-0.00754548,3.02379090,-0.08282092,15.06206979,-0.96015941,104.55719117
-0.00000000,1.00750118,-0.00799141,3.02594245,-0.08369384,15.06542399,-0.94349364,104.35008265
-0.00000000,1.00737098,-0.00829891,3.02558184,-0.08540537,15.06767519,-0.95422997,104.47662061
-0.00000000,1.00744854,-0.00818790,3.02466286,-0.08283126,15.04875478,-0.90271141,104.18139344
0.00000000,1.00762839,-0.00844000,3.02315100,-0.08487556,15.01023321,-0.93356338,103.51718763
0.00000000,1.00782632,-0.00888546,3.02585005,-0.08994066,15.05062744,-0.99664210,104.09733425
0.00000000,1.00796340,-0.00786491,3.02698389,-0.07783497,15.06265597,-0.85751275,104.30614764
0.00000000,1.00789446,-0.00696453,3.02643405,-0.07107668,15.05523776,-0.79498872,104.20743359
-0.00000000,1.00770949,-0.00711941,3.02426454,-0.07050726,15.02933493,-0.76316598,103.84795137
0.00000000,1.00815817,-0.00660250,3.02633118,-0.06518105,15.05568382,-0.73119351,104.40131576
-0.00000000,1.00793914,-0.00648826,3.02525764,-0.06825651,15.05750417,-0.79415191,104.60240987
0.00000000,1.00807472,-0.00610911,3.02628171,-0.06411029,15.05953927,-0.72955112,104.42724427
0.00000000,1.00810522,-0.00689544,3.02490774,-0.07395022,15.04237280,-0.84426747,104.29738818
0.00000000,1.00810537,-0.00790215,3.02383627,-0.08307484,15.02873901,-0.94364592,104.20422911
0.00000000,1.00814687,-0.00834734,3.02254534,-0.08683089,15.01181306,-0.97014024,104.16045714
-0.00000000,1.00804591,-0.00848287,3.02167262,-0.08628925,14.99033024,-0.94650341,103.71209339
-0.00000000,1.00859954,-0.00875478,3.02410304,-0.09108805,15.00824775,-1.03895847,103.95712909
-0.00000000,1.00844453,-0.00890575,3.02267362,-0.09550107,14.98233292,-1.15380838,103.54257893
0.00000000,1.00853748,-0.00943881,3.02256238,-0.10097553,14.96831628,-1.18334476,103.17474058
-0.00000000,1.00851393,-0.00922839,3.02231110,-0.09959077,14.96482168,-1.20140983,103.18186259
0.00000000,1.00863273,-0.00895133,3.02200816,-0.09285635,14.95843805,-1.07124621,103.01777502
-0.00000000,1.00840302,-0.00820687,3.01903910,-0.08439873,14.92266292,-0.99757907,102.55130379
0.00000000,1.00832740,-0.00800072,3.01907802,-0.08308995,14.93065111,-0.98936942,102.74447560
0.00000000,1.00851725,-0.00782657,3.01726907,-0.08282008,14.90427993,-0.96626799,102.37922347
0.00000000,1.00857215,-0.00733545,3.01728762,-0.07773244,14.89682642,-0.87967288,102.15837220
0.00000000,1.00854313,-0.00696492,3.01649303,-0.07620090,14.88585431,-0.88052227,101.97438536
0.00000000,1.00890639,-0.00620504,3.01786951,-0.06973931,14.88376662,-0.80406072,101.82835659
-0.00000000,1.00881048,-0.00570527,3.01730130,-0.06397029,14.87120900,-0.69272236,101.57298799
0.00000000,1.00924842,-0.00646218,3.01886989,-0.06933194,14.87470355,-0.75654534,101.47911313
0.00000000,1.00918316,-0.00640496,3.01709587,-0.06737058,14.86272772,-0.72240076,101.47815874
-0.00000000,1.00919848,-0.00677554,3.01722307,-0.06974814,14.86224392,-0.71470562,101.42674763
-0.00000000,1.00944514,-0.00598262,3.01670767,-0.06247285,14.85036835,-0.66376067,101.34111452
0.00000000,1.00970914,-0.00664483,3.01787520,-0.06967372,14.85514146,-0.72806327,101.31017647
0.00000000,1.00973754,-0.00698530,3.01541227,-0.07205832,14.82010687,-0.74368730,100.84702740
0.00000000,1.00996407,-0.00732382,3.01483629,-0.07204046,14.79940715,-0.71646003,100.47557099
-0.00000000,1.00971735,-0.00708484,3.01054144,-0.07153807,14.74204857,-0.71894786,99.68386929
0.00000000,1.00997782,-0.00734274,3.01080031,-0.07251211,14.74678397,-0.69162516,99.89113709
-0.00000000,1.01012569,-0.00730744,3.01089388,-0.07242496,14.74165774,-0.67350806,99.79962431
-0.00000000,1.01036758,-0.00689430,3.01230601,-0.06831404,14.76431639,-0.62584781,100.21379767
0.00000000,1.01043334,-0.00644455,3.01329970,-0.06344428,14.76861114,-0.56251046,100.15141762
-0.00000000,1.01047259,-0.00617854,3.01210927,-0.06587571,14.74352958,-0.62109751,99.70679523
-0.00000000,1.01081393,-0.00628720,3.01303067,-0.06415705,14.73958171,-0.56847107,99.53167612
-0.00000000,1.01089228,-0.00580342,3.01213552,-0.05851868,14.72661964,-0.51503718,99.37573574
-0.00000000,1.01124205,-0.00608787,3.01283170,-0.06213306,14.71577502,-0.56550910,99.10769655
0.00000000,1.01157664,-0.00513148,3.01501139,-0.05049232,14.73654697,-0.43297386,99.32047460
0.00000000,1.01158411,-0.00439439,3.01413376,-0.04117634,14.72206547,-0.32086039,99.10240202
0.00000000,1.01157615,-0.00455238,3.01305638,-0.03943977,14.70221961,-0.28110395,98.79600647
0.00000000,1.01160949,-0.00350515,3.01284657,-0.03354145,14.69553573,-0.29536618,98.66131429
-0.00000000,1.01188156,-0.00366971,3.01095242,-0.03366657,14.66711998,-0.28017928,98.36563328
0.00000000,1.01193031,-0.00385101,3.01164793,-0.03576623,14.68967928,-0.30791156,98.80174328
0.00000000,1.01199871,-0.00341055,3.01199016,-0.02815738,14.69557535,-0.21796314,98.85970207
0.00000000,1.01220968,-0.00280850,3.01262394,-0.01840198,14.70102040,-0.08079731,98.95946940
-0.00000000,1.01245664,-0.00326277,3.01337024,-0.02639510,14.70113564,-0.19975813,98.85925635
-0.00000000,1.01264646,-0.00253220,3.01305224,-0.01715022,14.69628657,-0.08017338,98.93214985
0.00000000,1.01286145,-0.00222484,3.01354206,-0.01243382,14.70460494,-0.01402413,99.11940566
-0.00000000,1.01286218,-0.00215592,3.01245204,-0.01080853,14.69512723,-0.00728862,99.05317529
-0.00000000,1.01267470,-0.00286793,3.01042376,-0.01652465,14.67885653,-0.01831169,98.97176499
0.00000000,1.01264529,-0.00346531,3.00885156,-0.02085979,14.66458133,-0.05536382,98.84314558
-0.00000000,1.01232072,-0.00357677,3.00641815,-0.01982227,14.64418176,-0.02141476,98.64752676
0.00000000,1.01207313,-0.00351612,3.00476182,-0.01845653,14.63211053,0.00106987,98.61784917
0.00000000,1.01183916,-0.00315780,3.00130839,-0.01531253,14.58199229,0.04076613,97.89673079
0.00000000,1.01214069,-0.00285032,3.00269667,-0.01131965,14.59243541,0.10678111,98.02440300
0.00000000,1.01241952,-0.00278453,3.00232663,-0.01133087,14.57352270,0.12111260,97.71174258
-0.00000000,1.01211287,-0.00263435,2.99864706,-0.01028077,14.53729828,0.12401037,97.27551934
0.00000000,1.01236758,-0.00254690,2.99848584,-0.01436880,14.53339973,0.03256581,97.24839509
0.00000000,1.01240279,-0.00255397,2.99687590,-0.01590990,14.50328478,0.00471804,96.77551165
0.00000000,1.01264930,-0.00232744,2.99596022,-0.01248652,14.48295233,0.06922039,96.54611724
-0.00000000,1.01230289,-0.00234335,2.99256077,-0.01169170,14.45301975,0.09350009,96.23687683
0.00000000,1.01230115,-0.00283500,2.99034367,-0.01312023,14.41427846,0.10022136,95.68335915
-0.00000000,1.01211010,-0.00343396,2.98765366,-0.02006053,14.38584843,0.00027206,95.38851124
0.00000000,1.01238915,-0.00351429,2.98772252,-0.02055427,14.37745495,0.03291438,95.31591382
0.00000000,1.01268456,-0.00326757,2.98719372,-0.01759731,14.35763152,0.06290058,95.05249622
-0.00000000,1.01283411,-0.00279110,2.98849250,-0.01604948,14.38093750,0.05426100,95.42262166
0.00000000,1.01299607,-0.00225132,2.98759237,-0.01013028,14.36422355,0.12659063,95.24247192
-0.00000000,1.01317976,-0.00192967,2.98508516,-0.00708748,14.32282192,0.15342034,94.57737556
-0.00000000,1.01295665,-0.00192928,2.98223366,-0.00919389,14.29839256,0.09258604,94.34109043
-0.00000000,1.01309890,-0.00202865,2.98185889,-0.01362887,14.28273111,-0.00357379,94.04277115
-0.00000000,1.01325247,-0.00228723,2.98302659,-0.01841559,14.28556079,-0.07885502,93.96293044
0.00000000,1.01325662,-0.00212352,2.98177466,-0.01569276,14.26610894,-0.03756021,93.72727503
-0.00000000,1.01370508,-0.00244351,2.98224202,-0.02021938,14.25997564,-0.07545612,93.61977872
-0.00000000,1.01373558,-0.00190933,2.98123037,-0.01825475,14.24937154,-0.08101746,93.51678458
-0.00000000,1.01375338,-0.00182138,2.97991104,-0.01187119,14.23278563,0.03152805,93.37424291
0.00000000,1.01413011,-0.00167465,2.98043162,-0.01076356,14.23609113,0.04444015,93.48781349
0.00000000,1.01410127,-0.00177359,2.97777184,-0.01074773,14.19260337,0.03639135,92.83248793
-0.00000000,1.01434987,-0.00153427,2.97697453,-0.00823719,14.17709300,0.07476148,92.75257002
-0.00000000,1.01466636,-0.00185457,2.97864092,-0.00586525,14.18329226,0.16020563,92.75183866
-0.00000000,1.01470773,-0.00186440,2.97615408,-0.00536875,14.15174175,0.17071722,92.33820239
-0.00000000,1.01465738,-0.00224365,2.97414161,-0.00841472,14.13799133,0.16139493,92.27140192
0.00000000,1.01493433,-0.00186055,2.97486735,-0.00526351,14.14075216,0.18105519,92.27819656
-0.00000000,1.01504919,-0.00247841,2.97347531,-0.01286133,14.12113697,0.07951836,92.04944422
-0.00000000,1.01521478,-0.00236476,2.97142183,-0.00935520,14.08775048,0.13090945,91.65985463
-0.00000000,1.01522588,-0.00189861,2.97009592,-0.00733109,14.07370737,0.12745875,91.51585514
0.00000000,1.01505660,-0.00206545,2.96673875,-0.00428187,14.04169739,0.19144007,91.25703271
0.00000000,1.01517429,-0.00275283,2.96555485,-0.01422421,14.01330089,0.05445365,90.79126281
0.00000000,1.01529964,-0.00374199,2.96348455,-0.02429234,13.98626715,-0.06489517,90.45370133
-0.00000000,1.01540601,-0.00433923,2.96226256,-0.02903127,13.96825744,-0.08733402,90.21954069
0.00000000,1.01539781,-0.00389332,2.96076302,-0.02506043,13.95304298,-0.05556979,90.09514717
-0.00000000,1.01549999,-0.00364990,2.95884666,-0.02252996,13.92555247,-0.03574648,89.76001307
-0.00000000,1.01593725,-0.00384624,2.95784104,-0.02668628,13.89856530,-0.08934716,89.38740786
-0.00000000,1.01605868,-0.00397544,2.95791125,-0.02825093,13.90438785,-0.07148322,89.61103944
0.00000000,1.01587470,-0.00387523,2.95514635,-0.02831762,13.87257111,-0.05911314,89.22736547
0.00000000,1.01595730,-0.00390290,2.95450897,-0.02799831,13.86198503,-0.07320297,89.14887857
-0.00000000,1.01578915,-0.00427132,2.95102387,-0.03227127,13.83003899,-0.12810089,88.94241747
0.00000000,1.01584861,-0.00389609,2.94989374,-0.02689444,13.81451723,-0.07137713,88.72489901
-0.00000000,1.01619853,-0.00432152,2.95041740,-0.02840467,13.80644288,-0.06276063,88.57354222
-0.00000000,1.01626154,-0.00452394,2.94872053,-0.02878231,13.77821947,-0.08692030,88.08833324
-0.00000000,1.01653986,-0.00440669,2.94740045,-0.02691231,13.75182952,-0.07753931,87.70040440
-0.00000000,1.01684049,-0.00528450,2.94752236,-0.03278795,13.74563568,-0.09058338,87.61577009
-0.00000000,1.01711854,-0.00468427,2.94752561,-0.02817106,13.73726874,-0.05597322,87.41984082
-0.00000000,1.01730585,-0.00394046,2.94694249,-0.02267971,13.72699557,-0.03853327,87.28231802
0.00000000,1.01735083,-0.00377663,2.94480458,-0.02095942,13.70067400,-0.02205448,86.93989279
-0.00000000,1.01743039,-0.00364551,2.94267291,-0.01947691,13.67755190,0.00519459,86.71776612
0.00000000,1.01747729,-0.00376856,2.93988905,-0.01922427,13.64178759,0.01112016,86.27050322
-0.00000000,1.01728784,-0.00396680,2.93649029,-0.02069420,13.60762773,-0.00828267,85.92305177
0.00000000,1.01716979,-0.00425891,2.93402173,-0.02546634,13.58988841,-0.06169625,85.87165247
0.00000000,1.01713681,-0.00427091,2.93110023,-0.02186046,13.55700995,0.01884727,85.48930123
-0.00000000,1.01734793,-0.00445768,2.92927906,-0.02497433,13.52889442,-0.00728560,85.19881030
0.00000000,1.01750618,-0.00490582,2.92929933,-0.03066140,13.51940364,-0.08145154,84.98241129
-0.00000000,1.01768440,-0.00481103,2.92839834,-0.03101838,13.50224952,-0.07655911,84.80465403
0.00000000,1.01820078,-0.00458354,2.92935075,-0.02653337,13.49717067,-0.01605580,84.63575011
-0.00000000,1.01841380,-0.00485545,2.92765998,-0.03022896,13.47218927,-0.04939386,84.40680121
0.00000000,1.01843820,-0.00449455,2.92769335,-0.02938295,13.47321684,-0.06601600,84.37041137
0.00000000,1.01826472,-0.00469693,2.92396196,-0.03366661,13.43437243,-0.13042358,83.93821128
0.00000000,1.01817106,-0.00427453,2.92146287,-0.03156207,13.40364959,-0.12848110,83.57066525
-0.00000000,1.01816356,-0.00463007,2.91993850,-0.03275864,13.39152405,-0.11609634,83.50435263
0.00000000,1.01826152,-0.00496836,2.91848711,-0.03577013,13.36709508,-0.12673979,83.21269650
-0.00000000,1.01817546,-0.00484956,2.91480340,-0.03687002,13.31688132,-0.15208624,82.56518069
-0.00000000,1.01807022,-0.00515470,2.91173314,-0.03879495,13.29576076,-0.16662882,82.47843489
-0.00000000,1.01817848,-0.00491957,2.90980028,-0.03567547,13.27127876,-0.13395180,82.21969273
0.00000000,1.01828549,-0.00476296,2.90823844,-0.03501775,13.24960885,-0.13911705,81.96660355
-0.00000000,1.01838810,-0.00523607,2.90485774,-0.04143032,13.20570716,-0.22821294,81.41353171
0.00000000,1.01869336,-0.00545414,2.90335190,-0.04260947,13.18040084,-0.23025850,81.15632921
0.00000000,1.01881769,-0.00521968,2.90301615,-0.03745348,13.18005426,-0.15714198,81.20271684
-0.00000000,1.01909963,-0.00531992,2.90312342,-0.03945261,13.17577702,-0.18448873,81.14605885
0.00000000,1.01910096,-0.00510565,2.90036405,-0.03641886,13.14274320,-0.15588899,80.78531847
0.00000000,1.01905597,-0.00518209,2.89808545,-0.03511873,13.11907910,-0.13454949,80.51157847
-0.00000000,1.01914392,-0.00517095,2.89643392,-0.03441697,13.09695516,-0.12393192,80.26578643
0.00000000,1.01939007,-0.00547050,2.89546014,-0.03886149,13.08391033,-0.18259216,80.14590435
-0.00000000,1.01948271,-0.00547683,2.89292428,-0.03939286,13.05193803,-0.19588885,79.76192286
0.00000000,1.01968787,-0.00567792,2.89057238,-0.04360698,13.01803023,-0.27022560,79.35806924
-0.00000000,1.01991996,-0.00599235,2.88953314,-0.04612652,13.00802641,-0.29247237,79.33581680
-0.00000000,1.01994414,-0.00576703,2.88743454,-0.04640886,12.98516713,-0.32583227,79.10679076
0.00000000,1.02010365,-0.00664387,2.88628278,-0.05466167,12.97409735,-0.39550257,79.04462252
0.00000000,1.02019829,-0.00623383,2.88461345,-0.05033758,12.94507320,-0.34557799,78.64221468
-0.00000000,1.02016991,-0.00653353,2.88242974,-0.05384978,12.92047598,-0.38536608,78.35916485
-0.00000000,1.02040851,-0.00696130,2.88078713,-0.05527485,12.89442025,-0.39606207,78.04324763
0.00000000,1.02053307,-0.00644863,2.87973490,-0.05077907,12.88644694,-0.37119250,77.98719254
-0.00000000,1.02070455,-0.00643759,2.87690813,-0.05236787,12.84896627,-0.37821267,77.54893628
0.00000000,1.02102682,-0.00619445,2.87691697,-0.05083816,12.84259613,-0.37855781,77.46352031
0.00000000,1.02093678,-0.00625771,2.87243702,-0.05285519,12.79659403,-0.40864490,77.00591989
0.00000000,1.02158254,-0.00568582,2.87381189,-0.04726831,12.79999111,-0.35272751,77.04419793
-0.00000000,1.02170826,-0.00536059,2.87096066,-0.04697338,12.76861993,-0.36132911,76.77984953
0.00000000,1.02194727,-0.00492566,2.86945455,-0.04188068,12.74786340,-0.31023001,76.59092356
0.00000000,1.02198718,-0.00452326,2.86808910,-0.04077637,12.73540704,-0.32304721,76.51350000
-0.00000000,1.02202590,-0.00464032,2.86473480,-0.04190301,12.69365291,-0.32708274,76.03876957
0.00000000,1.02237792,-0.00480215,2.86398752,-0.04081217,12.67638182,-0.29821639,75.83425058
0.00000000,1.02252410,-0.00448961,2.86202957,-0.03789139,12.65316339,-0.28107011,75.58145628
-0.00000000,1.02278640,-0.00473105,2.86062734,-0.03782998,12.62793919,-0.26230443,75.27834072
-0.00000000,1.02280731,-0.00472261,2.85730732,-0.03733409,12.59086444,-0.26115180,74.89154231
0.00000000,1.02316860,-0.00420435,2.85634033,-0.03264696,12.57055807,-0.21712728,74.63485824
0.00000000,1.02337189,-0.00425034,2.85322581,-0.03313303,12.53064417,-0.22372050,74.21489823
-0.00000000,1.02374532,-0.00432012,2.85113361,-0.03349341,12.49451046,-0.22340169,73.76952179
0.00000000,1.02389253,-0.00371279,2.84911530,-0.02789581,12.47194261,-0.17710952,73.56470722
-0.00000000,1.02391322,-0.00422289,2.84670569,-0.03115777,12.44984943,-0.18602102,73.36607659
0.00000000,1.02400707,-0.00389074,2.84438079,-0.02794664,12.42509784,-0.14263844,73.15868004
0.00000000,1.02405236,-0.00410338,2.84151652,-0.02917557,12.39427896,-0.17422401,72.89227176
0.00000000,1.02428701,-0.00406676,2.83877170,-0.02979614,12.35480240,-0.19693638,72.42051427
0.00000000,1.02458316,-0.00448651,2.83757202,-0.03179757,12.34260833,-0.20725597,72.38694682
0.00000000,1.02487464,-0.00440624,2.83634400,-0.02959744,12.33274680,-0.16861981,72.40669712
0.00000000,1.02500263,-0.00399189,2.83386026,-0.02725067,12.30088518,-0.16810686,72.04895168
0.00000000,1.02511216,-0.00434956,2.83174308,-0.03023569,12.27781488,-0.19235827,71.83368914
0.00000000,1.02522153,-0.00399974,2.82848156,-0.02902977,12.24100256,-0.20286607,71.45839287
0.00000000,1.02535020,-0.00392583,2.82556542,-0.02931089,12.20343790,-0.21625021,70.98773810
-0.00000000,1.02543120,-0.00350041,2.82188277,-0.02606350,12.15926273,-0.19775474,70.53517362
0.00000000,1.02559536,-0.00338069,2.81907814,-0.02304006,12.12719998,-0.15070474,70.22566823
0.00000000,1.02584530,-0.00269851,2.81752104,-0.01925614,12.09979945,-0.13409689,69.90889316
0.00000000,1.02584814,-0.00242126,2.81418971,-0.01714048,12.06013326,-0.11771632,69.48883146
-0.00000000,1.02601208,-0.00234801,2.81165427,-0.01738450,12.03076201,-0.14226685,69.22568014
-0.00000000,1.02604627,-0.00258578,2.80769872,-0.01699070,11.98528098,-0.12409634,68.70167372
0.00000000,1.02617050,-0.00230762,2.80436370,-0.01601726,11.94564165,-0.13219348,68.28633612
-0.00000000,1.02624771,-0.00232764,2.80102866,-0.01387755,11.90726915,-0.09905646,67.86249080
0.00000000,1.02639512,-0.00212516,2.79740078,-0.01301638,11.85889792,-0.09822635,67.31314920
-0.00000000,1.02678125,-0.00149199,2.79615420,-0.00600869,11.83531899,-0.01782680,67.02956460
-0.00000000,1.02687470,-0.00173655,2.79299095,-0.00720259,11.79699354,-0.02444656,66.59314759
-0.00000000,1.02668600,-0.00143183,2.78799452,-0.00463440,11.75010607,0.00153228,66.14917117
-0.00000000,1.02665264,-0.00108974,2.78420046,-0.00014791,11.71107199,0.05819976,65.77670683
0.00000000,1.02675074,-0.00078450,2.78063323,-0.00035324,11.66961129,0.04031090,65.30958322
-0.00000000,1.02705554,-0.00083282,2.77841911,-0.00272882,11.63958438,-0.00372201,64.96808316
-0.00000000,1.02715968,-0.00111816,2.77538734,-0.00583924,11.60585247,-0.02596477,64.64932769
-0.00000000,1.02722013,-0.00064523,2.77185277,-0.00248457,11.56977354,0.00110870,64.29674862
0.00000000,1.02759055,-0.00071413,2.77036529,-0.00231234,11.54760590,0.00666190,64.03486413
0.00000000,1.02757098,-0.00061753,2.76718795,-0.00120162,11.51773638,0.02177600,63.76718336
-0.00000000,1.02760980,-0.00029096,2.76354119,0.00167079,11.47550163,0.04876438,63.34378296
0.00000000,1.02780373,-0.00076247,2.76077068,-0.00451999,11.44538469,-0.02297686,63.06244316
0.00000000,1.02811390,-0.00080881,2.75956077,-0.00511235,11.42716489,-0.03591868,62.88455714
-0.00000000,1.02804829,-0.00052340,2.75615776,-0.00438377,11.39633476,-0.03122830,62.62599267
-0.00000000,1.02814115,-0.00012398,2.75256682,-0.00078688,11.36377778,0.00097183,62.36797663
-0.00000000,1.02835861,-0.00018571,2.75102666,-0.00327068,11.34929443,-0.03828230,62.27061800
0.00000000,1.02864310,-0.00013633,2.74854322,-0.00231323,11.32319534,-0.02404670,62.07728586
0.00000000,1.02883286,-0.00072371,2.74510187,-0.00591456,11.28169460,-0.03761323,61.63552938
-0.00000000,1.02892451,-0.00103642,2.74295831,-0.01019465,11.25996836,-0.08559844,61.42153476
0.00000000,1.02924269,-0.00116258,2.74050390,-0.01145894,11.23161635,-0.10385324,61.15370669
0.00000000,1.02957510,-0.00115394,2.73887833,-0.00864422,11.21041224,-0.05494085,60.93694615
0.00000000,1.02960664,-0.00105679,2.73561919,-0.00845575,11.18000270,-0.05719770,60.68186107
-0.00000000,1.02957190,-0.00117074,2.73167898,-0.01066959,11.14140356,-0.07183754,60.32884137
-0.00000000,1.02979286,-0.00108725,2.72866540,-0.01115689,11.10742293,-0.09086587,59.99984842
0.00000000,1.02982795,-0.00109343,2.72510907,-0.01236867,11.07747871,-0.11583621,59.80116342
0.00000000,1.03003938,-0.00066417,2.72242864,-0.00935275,11.05187126,-0.09816483,59.61122523
0.00000000,1.03020971,-0.00065140,2.72011890,-0.00898093,11.02740577,-0.09687266,59.40086631
-0.00000000,1.03029701,-0.00094184,2.71708181,-0.01055079,10.99770049,-0.10153745,59.11864788
0.00000000,1.03036468,-0.00067411,2.71321368,-0.00872044,10.95924599,-0.09154818,58.79182943
0.00000000,1.03029506,-0.00056365,2.70872231,-0.00783815,10.92147889,-0.07648849,58.49500646
-0.00000000,1.03045142,-0.00052896,2.70564545,-0.00778645,10.89192164,-0.07839310,58.25201347
-0.00000000,1.03082047,-0.00059351,2.70361369,-0.00871800,10.86957467,-0.09261486,58.07037269
0.00000000,1.03098056,-0.00086818,2.70064469,-0.01104443,10.83531282,-0.11834715,57.74172639
0.00000000,1.03110683,-0.00076962,2.69739008,-0.01022633,10.79836092,-0.11294804,57.37180495
0.00000000,1.03116041,-0.00096611,2.69395921,-0.01192004,10.76509977,-0.10949939,57.08965651
0.00000000,1.03128518,-0.00081178,2.69067791,-0.01195058,10.73233419,-0.12072036,56.80528483
-0.00000000,1.03160021,-0.00049688,2.68828417,-0.00932552,10.70594423,-0.10371590,56.59461926
-0.00000000,1.03154197,-0.00020437,2.68304818,-0.00708018,10.65721272,-0.09050808,56.16797001
-0.00000000,1.03171414,-0.00037629,2.68000617,-0.00765936,10.62695872,-0.08656421,55.90978270
0.00000000,1.03176944,-0.00102074,2.67576948,-0.01230732,10.58761034,-0.11319968,55.58048575
0.00000000,1.03180219,-0.00098083,2.67200439,-0.01320090,10.54805193,-0.13699451,55.18681509
0.00000000,1.03208530,-0.00102116,2.66890533,-0.01274593,10.51296719,-0.13427635,54.87690191
0.00000000,1.03225423,-0.00077024,2.66628014,-0.00956196,10.48442737,-0.10367725,54.61127202
0.00000000,1.03232142,-0.00102880,2.66316533,-0.01251862,10.45834591,-0.13481552,54.40980522
0.00000000,1.03226917,-0.00053055,2.65872877,-0.00965300,10.41845045,-0.12424512,54.05054540
-0.00000000,1.03236807,-0.00084639,2.65548680,-0.01145020,10.38700667,-0.14159848,53.79034135
0.00000000,1.03235902,-0.00068653,2.65036426,-0.00911792,10.33983700,-0.11006978,53.41319496
0.00000000,1.03238851,-0.00053399,2.64632534,-0.00724022,10.30231082,-0.08801482,53.09254267
0.00000000,1.03260005,-0.00070936,2.64261367,-0.00845760,10.25827196,-0.10465375,52.63035587
-0.00000000,1.03301438,-0.00054907,2.64067307,-0.00738613,10.23249154,-0.10302366,52.38600557
-0.00000000,1.03316323,-0.00007731,2.63778040,-0.00364898,10.20291956,-0.07827925,52.11688864
0.00000000,1.03319927,0.00021938,2.63387194,-0.00018659,10.16895487,-0.03273261,51.85690032
-0.00000000,1.03319637,0.00024998,2.62970474,0.00038985,10.13283198,-0.01767930,51.57907109
-0.00000000,1.03326842,0.00046285,2.62467346,0.00256439,10.08498009,-0.00734934,51.18165233
-0.00000000,1.03336161,0.00036886,2.62135689,0.00346732,10.05318542,0.00417691,50.91717411
0.00000000,1.03324220,0.00040426,2.61668658,0.00388771,10.01272890,0.00555589,50.58340461
-0.00000000,1.03332693,0.00054616,2.61231986,0.00467979,9.96924571,0.00211622,50.15754721
-0.00000000,1.03353474,0.00094076,2.60860273,0.00724175,9.93432062,0.01945984,49.87398507
-0.00000000,1.03379417,0.00084618,2.60534885,0.00537735,9.90337973,0.00248604,49.62024563
0.00000000,1.03418218,0.00066312,2.60265516,0.00301076,9.87110888,-0.02737160,49.33276757
-0.00000000,1.03441275,0.00083883,2.59929692,0.00473731,9.83577974,-0.00748813,49.02027835
0.00000000,1.03458125,0.00064608,2.59553746,0.00360512,9.79891298,-0.01843314,48.71157386
0.00000000,1.03474158,0.00045139,2.59181892,0.00187954,9.76038359,-0.03522776,48.36718841
-0.00000000,1.03485150,0.00019820,2.58793644,0.00008609,9.72915868,-0.04671418,48.17341877
0.00000000,1.03514782,0.00012595,2.58538985,-0.00161232,9.70611400,-0.06170975,48.00353201
-0.00000000,1.03528787,0.00015658,2.58177691,-0.00371975,9.67424959,-0.10254535,47.75863874
0.00000000,1.03550572,0.00010456,2.57807244,-0.00382748,9.63861501,-0.09904138,47.45172990
0.00000000,1.03580361,0.00011988,2.57518406,-0.00168903,9.60539834,-0.06395036,47.12501738
0.00000000,1.03589352,-0.00027374,2.57217844,-0.00475818,9.57859979,-0.09239235,46.90866637
-0.00000000,1.03618847,-0.00012330,2.56898527,-0.00242017,9.54467236,-0.06400716,46.61020015
-0.00000000,1.03632773,0.00033867,2.56529693,0.00062828,9.50952515,-0.04455950,46.31488952
-0.00000000,1.03617229,0.00060062,2.56068197,0.00420165,9.47133323,-0.00027451,46.01307849
-0.00000000,1.03657017,0.00055129,2.55791801,0.00387799,9.44104339,-0.00052945,45.75114269
-0.00000000,1.03667094,0.00043832,2.55414693,0.00334640,9.40477263,-0.00162190,45.43781375
0.00000000,1.03685454,0.00049786,2.55039431,0.00507939,9.36998264,0.02120041,45.16732032
0.00000000,1.03693369,0.00014539,2.54616950,0.00284781,9.33416468,0.00185938,44.91089537
-0.00000000,1.03702582,0.00033907,2.54226110,0.00480263,9.29838235,0.02582156,44.60034304
-0.00000000,1.03711775,0.00070956,2.53862239,0.00643367,9.26758310,0.02791954,44.34747486
-0.00000000,1.03722622,0.00061822,2.53433760,0.00577499,9.23027906,0.02463112,44.05826785
0.00000000,1.03746004,0.00065783,2.52996777,0.00623044,9.18813993,0.03215078,43.69611174
0.00000000,1.03769096,0.00070874,2.52654555,0.00651706,9.15482160,0.03586546,43.42694229
-0.00000000,1.03794363,0.00042360,2.52380323,0.00438324,9.12787376,0.02137209,43.20297655
-0.00000000,1.03793221,0.00018644,2.51920019,0.00094746,9.09170788,-0.01560958,42.95658620
-0.00000000,1.03803999,0.00008342,2.51490948,0.00005269,9.05220037,-0.02599692,42.63246600
-0.00000000,1.03817080,0.00027033,2.51073987,0.00151177,9.01721898,-0.01540190,42.37892994
0.00000000,1.03816549,0.00028363,2.50622027,0.00016496,8.98068339,-0.04301163,42.10855317
0.00000000,1.03849534,0.00065227,2.50274461,0.00227506,8.94990359,-0.02815654,41.89343896
-0.00000000,1.03859857,0.00066059,2.49843173,0.00437368,8.91383853,0.00375866,41.63148492
0.00000000,1.03851013,0.00078960,2.49317131,0.00601112,8.87122982,0.01975850,41.30052329
-0.00000000,1.03873909,0.00104370,2.48967479,0.00706682,8.83670033,0.02100707,41.00330822
-0.00000000,1.03875352,0.00118273,2.48463305,0.00749187,8.79333993,0.02417232,40.66370287
0.00000000,1.03921144,0.00133629,2.48221937,0.00823463,8.76841014,0.02015559,40.45898070
0.00000000,1.03953665,0.00120408,2.47903534,0.00664089,8.73988094,0.00594767,40.24470482
-0.00000000,1.03962383,0.00123809,2.47505730,0.00697059,8.70722577,0.00738637,39.99935747
-0.00000000,1.03992587,0.00124188,2.47142844,0.00841268,8.67251847,0.02566175,39.71310006
0.00000000,1.04001962,0.00088881,2.46632633,0.00728950,8.62849089,0.02594226,39.36760802
0.00000000,1.04016896,0.00076086,2.46217018,0.00607117,8.59110287,0.01218115,39.05898528
-0.00000000,1.04023798,0.00077333,2.45719960,0.00616272,8.54790833,0.01388859,38.71600402
-0.00000000,1.04021781,0.00079621,2.45242984,0.00731876,8.51029281,0.03757473,38.44251290
0.00000000,1.04042992,0.00092543,2.44894670,0.00868773,8.47924039,0.04788109,38.20631051
0.00000000,1.04064465,0.00075055,2.44528790,0.00781928,8.44642365,0.04611027,37.94666800
-0.00000000,1.04067167,0.00092267,2.44079304,0.00920972,8.40851389,0.05976050,37.64099833
0.00000000,1.04078881,0.00047197,2.43687639,0.00548089,8.37701163,0.03073909,37.40764323
0.00000000,1.04098329,0.00055154,2.43214562,0.00617203,8.33600225,0.03458391,37.09421669
-0.00000000,1.04121783,0.00063549,2.42770992,0.00718079,8.29638960,0.04836777,36.78217348
0.00000000,1.04135526,0.00070215,2.42317106,0.00728494,8.25856145,0.04761234,36.50332179
0.00000000,1.04131341,0.00038984,2.41822894,0.00417812,8.21904933,0.02390809,36.19871111
0.00000000,1.04125415,0.00024124,2.41350423,0.00203078,8.18363695,0.00524626,35.95239327
-0.00000000,1.04143261,0.00007470,2.40952902,0.00166817,8.15072021,0.01267936,35.72018651
0.00000000,1.04153091,0.00020517,2.40522934,0.00287621,8.11622542,0.01815726,35.48068665
0.00000000,1.04149394,0.00010583,2.40015455,0.00268398,8.07860157,0.01927178,35.22671233
0.00000000,1.04143045,0.00043094,2.39521084,0.00356058,8.04096373,0.01615709,34.95549123
0.00000000,1.04162843,0.00084318,2.39125686,0.00679408,8.00405105,0.03711060,34.65083464
-0.00000000,1.04190095,0.00067888,2.38737539,0.00583122,7.97037240,0.03058225,34.40961335
0.00000000,1.04222166,0.00066042,2.38343222,0.00549253,7.93616664,0.02852015,34.16225645
0.00000000,1.04243733,0.00087030,2.37955510,0.00687212,7.90548222,0.03376235,33.95987855
0.00000000,1.04255844,0.00077647,2.37502852,0.00605471,7.86730937,0.02727341,33.66940661
-0.00000000,1.04245672,0.00101635,2.36994484,0.00846302,7.83025995,0.04907624,33.42103698
-0.00000000,1.04251453,0.00118310,2.36517846,0.00955888,7.79014178,0.05578520,33.11918680
-0.00000000,1.04255894,0.00136535,2.36046352,0.01070280,7.75135194,0.06083698,32.82164319
0.00000000,1.04265622,0.00128724,2.35630484,0.00972028,7.71906953,0.04877123,32.60622787
-0.00000000,1.04286417,0.00141869,2.35184924,0.01132529,7.68209419,0.06479903,32.33604499
0.00000000,1.04296791,0.00093440,2.34710370,0.00851136,7.64452087,0.04548978,32.07613152
-0.00000000,1.04300589,0.00092344,2.34226728,0.00873118,7.60918344,0.04749352,31.84016950
0.00000000,1.04302488,0.00089701,2.33755489,0.00881770,7.57054877,0.04844541,31.54728808
0.00000000,1.04300663,0.00058132,2.33211423,0.00581906,7.52994910,0.02348108,31.27701357
0.00000000,1.04305726,0.00061375,2.32715300,0.00660185,7.49256602,0.03099409,31.02827583
0.00000000,1.04315705,0.00081399,2.32321299,0.00807501,7.46488543,0.04111984,30.86421606
-0.00000000,1.04342798,0.00052887,2.31948392,0.00558605,7.43571915,0.02247444,30.67190647
0.00000000,1.04361996,0.00010046,2.31510360,0.00346480,7.40221102,0.01575519,30.44946954
-0.00000000,1.04383542,0.00002906,2.31053109,0.00207668,7.36603182,0.00048690,30.19536003
0.00000000,1.04393720,0.00038525,2.30576577,0.00449572,7.32984171,0.01747817,29.95305359
-0.00000000,1.04409613,0.00002850,2.30147191,0.00231788,7.29516116,0.00785658,29.71066984
-0.00000000,1.04416577,-0.00019147,2.29682359,0.00009264,7.26040195,-0.01317755,29.48222289
-0.00000000,1.04415043,-0.00031198,2.29155797,-0.00166270,7.22182480,-0.02738815,29.22412700
0.00000000,1.04432347,0.00011843,2.28722310,0.00202146,7.18846501,0.00288773,28.99540491
0.00000000,1.04437367,-0.00011122,2.28259364,-0.00027500,7.15395565,-0.01625639,28.76152422
-0.00000000,1.04447721,0.00004145,2.27846173,0.00129611,7.12428025,-0.00040540,28.57553626
-0.00000000,1.04461470,-0.00011330,2.27410398,0.00055046,7.09163508,-0.00520238,28.36325861
-0.00000000,1.04457866,0.00008232,2.26910507,0.00180035,7.05441440,0.00443436,28.10045192
0.00000000,1.04467619,0.00002178,2.26489810,0.00130937,7.02340386,0.00566631,27.89791612
-0.00000000,1.04470237,0.00006777,2.25997218,0.00113571,6.98824817,0.00115337,27.67105220
0.00000000,1.04482163,-0.00002837,2.25555962,0.00013382,6.95676716,-0.00811841,27.47675931
-0.00000000,1.04485630,-0.00000623,2.25104140,-0.00081753,6.92420950,-0.02127502,27.25982212
-0.00000000,1.04496226,-0.00015045,2.24667875,-0.00224648,6.89188640,-0.03132658,27.04840435
-0.00000000,1.04525051,0.00009531,2.24282082,-0.00037266,6.86083581,-0.01899796,26.83826552
0.00000000,1.04534931,-0.00008773,2.23826070,-0.00210096,6.82797227,-0.03389816,26.62798578
0.00000000,1.04549595,-0.00007575,2.23401861,-0.00178774,6.79663938,-0.03012401,26.42476803
-0.00000000,1.04559884,-0.00040300,2.22955956,-0.00306646,6.76523174,-0.03147749,26.23326281
0.00000000,1.04584691,-0.00023737,2.22575569,-0.00195381,6.73672377,-0.02556686,26.05557799
-0.00000000,1.04580537,0.00014785,2.22055940,-0.00027028,6.70114163,-0.02083956,25.83446823
0.00000000,1.04572045,0.00047684,2.21520504,0.00164698,6.66533158,-0.00629135,25.61083929
0.00000000,1.04586041,0.00019705,2.21044499,-0.00008301,6.63025772,-0.01603228,25.38555148
-0.00000000,1.04579021,0.00001630,2.20554012,-0.00059634,6.59762341,-0.01665500,25.19056760
-0.00000000,1.04591295,-0.00017133,2.20065474,-0.00165904,6.56015284,-0.01935501,24.94086008
-0.00000000,1.04595560,0.00013457,2.19597251,-0.00052515,6.52817834,-0.01666785,24.75016589
0.00000000,1.04599099,-0.00004701,2.19100489,-0.00207209,6.49301834,-0.02734417,24.52800633
0.00000000,1.04609511,-0.00001567,2.18637441,-0.00215853,6.46141857,-0.02738653,24.34067856
-0.00000000,1.04629514,-0.00007726,2.18251608,-0.00256358,6.43367333,-0.02703233,24.16819275
0.00000000,1.04646783,-0.00016719,2.17803358,-0.00280764,6.40112065,-0.02578214,23.96595463
-0.00000000,1.04663973,0.00009013,2.17342000,-0.00175305,6.36697006,-0.02009346,23.74386063
-0.00000000,1.04647620,-0.00009288,2.16774997,-0.00448673,6.33138835,-0.04510878,23.53746632
0.00000000,1.04651325,-0.00004098,2.16278115,-0.00423324,6.29764899,-0.04213532,23.33302065
-0.00000000,1.04670122,0.00019778,2.15876493,-0.00299980,6.27035289,-0.03762672,23.17609894
0.00000000,1.04675892,0.00037098,2.15383132,-0.00183878,6.23741731,-0.03128952,22.98182831
-0.00000000,1.04678862,0.00039392,2.14871199,-0.00181651,6.20211954,-0.03236241,22.75918683
-0.00000000,1.04686573,0.00009508,2.14418040,-0.00371732,6.17153902,-0.03990066,22.57180344
0.00000000,1.04706309,-0.00025404,2.14021343,-0.00608636,6.14386234,-0.05291864,22.40626402
-0.00000000,1.04728046,-0.00029655,2.13630579,-0.00595216,6.11586095,-0.05019766,22.23368525
0.00000000,1.04735961,-0.00043783,2.13169956,-0.00681087,6.08467498,-0.05601617,22.04944775
-0.00000000,1.04755947,-0.00061689,2.12755310,-0.00809002,6.05481567,-0.06513449,21.86600522
-0.00000000,1.04769829,-0.00047830,2.12290791,-0.00768196,6.02240689,-0.06226432,21.66264248
-0.00000000,1.04793325,-0.00025710,2.11854272,-0.00606215,5.99050244,-0.05208062,21.46533873
0.00000000,1.04805874,-0.00010979,2.11406347,-0.00507098,5.96022224,-0.04495317,21.27767324
0.00000000,1.04825667,0.00000477,2.10975727,-0.00350963,5.93079392,-0.03115830,21.10074078
-0.00000000,1.04842738,-0.00000808,2.10482743,-0.00344693,5.89753852,-0.03044983,20.90588699
0.00000000,1.04860717,0.00002186,2.10075041,-0.00347966,5.86978865,-0.03259463,20.74198552
-0.00000000,1.04866157,0.00000545,2.09594999,-0.00279555,5.83877888,-0.02331143,20.56827343
0.00000000,1.04872949,0.00023150,2.09160212,-0.00178049,5.81139622,-0.02160964,20.42096510
0.00000000,1.04880081,0.00025964,2.08687841,-0.00189010,5.78078711,-0.02218104,20.24407340
0.00000000,1.04891398,0.00027104,2.08262316,-0.00218192,5.75303656,-0.02673358,20.08567483
0.00000000,1.04914625,-0.00000046,2.07871407,-0.00345900,5.72495862,-0.03154088,19.91046477
-0.00000000,1.04935564,-0.00000842,2.07468231,-0.00381760,5.69895531,-0.03775605,19.77042320
-0.00000000,1.04934396,0.00011088,2.06954475,-0.00277135,5.66672778,-0.02931135,19.58509134
0.00000000,1.04932555,0.00017988,2.06481593,-0.00282339,5.63749828,-0.03312284,19.42213394
0.00000000,1.04951534,0.00017519,2.06121415,-0.00305204,5.61447049,-0.03500232,19.29599452
0.00000000,1.04966308,0.00020558,2.05698385,-0.00330526,5.58664987,-0.03518542,19.13520951
0.00000000,1.04979090,0.00018239,2.05269512,-0.00400488,5.55847241,-0.04308660,18.97383512
0.00000000,1.04991876,0.00012209,2.04818457,-0.00406692,5.52883483,-0.04259698,18.80624774
-0.00000000,1.05006356,0.00027155,2.04361157,-0.00344941,5.49842586,-0.04200933,18.63225252
0.00000000,1.05015740,-0.00004681,2.03885410,-0.00560461,5.46862338,-0.05494924,18.47176458
-0.00000000,1.05034884,0.00006566,2.03474613,-0.00512405,5.44126948,-0.05328646,18.31076917
0.00000000,1.05038334,0.00013477,2.02965484,-0.00479584,5.40856416,-0.05189909,18.12441850
0.00000000,1.05065180,-0.00000590,2.02589689,-0.00567728,5.38348831,-0.05510144,17.98136933
0.00000000,1.05078275,-0.00003276,2.02134402,-0.00579978,5.35349287,-0.05505312,17.80718514
0.00000000,1.05076957,0.00020325,2.01642138,-0.00450034,5.32398708,-0.04903246,17.64934956
0.00000000,1.05087596,0.00028535,2.01201860,-0.00398126,5.29662568,-0.04505631,17.50038796
-0.00000000,1.05087252,0.00034475,2.00711122,-0.00343609,5.26736692,-0.04122545,17.34681735
-0.00000000,1.05107570,0.00033722,2.00304094,-0.00379473,5.24119444,-0.04453964,17.19949682
-0.00000000,1.05122318,0.00043591,1.99860476,-0.00339932,5.21252890,-0.04314384,17.04035985
-0.00000000,1.05125664,0.00046274,1.99349903,-0.00341087,5.18132658,-0.04376461,16.87207813
0.00000000,1.05122457,0.00038017,1.98862017,-0.00327025,5.15312595,-0.04046702,16.72765818
0.00000000,1.05153758,0.00058282,1.98495788,-0.00217128,5.12835435,-0.03510251,16.58882087
-0.00000000,1.05165831,0.00046052,1.98062916,-0.00282742,5.10141968,-0.03902061,16.44231507
-0.00000000,1.05161658,0.00041056,1.97532258,-0.00239900,5.06900169,-0.03341656,16.26538499
0.00000000,1.05165469,0.00018357,1.97030581,-0.00331627,5.03874931,-0.03672294,16.10603687
-0.00000000,1.05163971,0.00019131,1.96554325,-0.00292475,5.01029931,-0.03208788,15.95372226
0.00000000,1.05162346,0.00050703,1.96027591,-0.00153888,4.97886791,-0.02588199,15.79085690
0.00000000,1.05168312,0.00060323,1.95586358,-0.00090352,4.95372850,-0.02101602,15.66807094
-0.00000000,1.05168672,0.00066730,1.95110770,-0.00030375,4.92670176,-0.01617491,15.53535830
-0.00000000,1.05172572,0.00066819,1.94637504,0.00000496,4.89901692,-0.01349448,15.39623811
-0.00000000,1.05187038,0.00081687,1.94194438,0.00115790,4.87203052,-0.00564101,15.25222928
-0.00000000,1.05207602,0.00087639,1.93746423,0.00161598,4.84362319,-0.00364621,15.09714836
-0.00000000,1.05231719,0.00106145,1.93311959,0.00274457,4.81593990,0.00249618,14.94929675
0.00000000,1.05225008,0.00138612,1.92834847,0.00437268,4.78923676,0.01059949,14.81738741
0.00000000,1.05219087,0.00147362,1.92346252,0.00527800,4.76163262,0.01770956,14.67609883
-0.00000000,1.05246680,0.00153011,1.91978140,0.00541005,4.73877783,0.01716827,14.55741018
-0.00000000,1.05261516,0.00175173,1.91575075,0.00660485,4.71440937,0.02357175,14.43127624
-0.00000000,1.05263005,0.00151024,1.91095797,0.00548824,4.68813990,0.01875232,14.30811533
-0.00000000,1.05277026,0.00114288,1.90658427,0.00351381,4.66310984,0.01090442,14.18745380
-0.00000000,1.05273295,0.00121229,1.90144603,0.00439424,4.63373279,0.01788349,14.03828827
-0.00000000,1.05286492,0.00127511,1.89718929,0.00506296,4.60924269,0.02189684,13.91666567
-0.00000000,1.05290034,0.00122973,1.89267209,0.00478167,4.58411102,0.01990292,13.79243020
-0.00000000,1.05299800,0.00107820,1.88839093,0.00360290,4.55887941,0.01330310,13.66298662
0.00000000,1.05294386,0.00090879,1.88329374,0.00260957,4.53078455,0.00910160,13.52679642
0.00000000,1.05313711,0.00104483,1.87902292,0.00316453,4.50518475,0.01071109,13.39583967
-0.00000000,1.05325616,0.00102302,1.87479434,0.00305053,4.48118743,0.00932720,13.27893196
0.00000000,1.05343481,0.00112943,1.87067035,0.00366092,4.45701976,0.01225253,13.15909583
-0.00000000,1.05348487,0.00107980,1.86610918,0.00389512,4.43127005,0.01589744,13.03348852
0.00000000,1.05372083,0.00090147,1.86198463,0.00310650,4.40701436,0.01326475,12.91508700
0.00000000,1.05371262,0.00093553,1.85728453,0.00298815,4.38098314,0.01235587,12.78797410
-0.00000000,1.05369048,0.00084533,1.85256795,0.00236800,4.35516454,0.00792715,12.66334354
0.00000000,1.05381349,0.00095152,1.84833352,0.00278703,4.33086245,0.00862103,12.54386138
-0.00000000,1.05378221,0.00092282,1.84365891,0.00263224,4.30601162,0.00702188,12.42763586
-0.00000000,1.05397659,0.00102333,1.83945860,0.00313809,4.28137347,0.00924054,12.30624556
-0.00000000,1.05402018,0.00133841,1.83500246,0.00510355,4.25665601,0.01971044,12.18839847
-0.00000000,1.05414100,0.00133576,1.83058289,0.00491113,4.23142165,0.01867020,12.06573747
0.00000000,1.05418096,0.00146723,1.82611930,0.00529314,4.20645413,0.02034729,11.94347628
0.00000000,1.05431069,0.00154798,1.82179896,0.00564256,4.18151986,0.02083642,11.81912785
-0.00000000,1.05440381,0.00145755,1.81758905,0.00515716,4.15845422,0.01772479,11.71161742
0.00000000,1.05438031,0.00147533,1.81280078,0.00496763,4.13243264,0.01541695,11.58817751
-0.00000000,1.05440469,0.00141354,1.80817750,0.00504616,4.10771480,0.01676440,11.47293207
-0.00000000,1.05459485,0.00137255,1.80424392,0.00446376,4.08551674,0.01192565,11.36810285
0.00000000,1.05484076,0.00131394,1.80046339,0.00423892,4.06390714,0.01173728,11.26772905
-0.00000000,1.05483227,0.00135441,1.79550147,0.00456588,4.03710984,0.01453871,11.14247822
0.00000000,1.05488872,0.00128646,1.79099060,0.00420140,4.01228424,0.01286862,11.02569941
-0.00000000,1.05497770,0.00128874,1.78646836,0.00440063,3.98744221,0.01387964,10.90826347
0.00000000,1.05512313,0.00133091,1.78238576,0.00511878,3.96502108,0.01993116,10.80448702
0.00000000,1.05514923,0.00118981,1.77782721,0.00417961,3.94027343,0.01415324,10.68907571
-0.00000000,1.05527496,0.00122269,1.77348184,0.00435769,3.91589313,0.01501022,10.57321909
-0.00000000,1.05543043,0.00112413,1.76916223,0.00375363,3.89219968,0.01211945,10.46415627
0.00000000,1.05553977,0.00097008,1.76477362,0.00288538,3.86846391,0.00829005,10.35517956
-0.00000000,1.05574641,0.00114977,1.76087455,0.00372119,3.84680327,0.01216736,10.25492322
0.00000000,1.05577480,0.00116238,1.75612090,0.00385499,3.82164572,0.01241757,10.14028520
0.00000000,1.05586060,0.00112595,1.75209163,0.00395682,3.80083824,0.01420381,10.04931319
-0.00000000,1.05592010,0.00100140,1.74767209,0.00313784,3.77811320,0.00934697,9.95159693
-0.00000000,1.05598680,0.00089888,1.74327981,0.00251485,3.75531879,0.00604778,9.85141492
0.00000000,1.05607819,0.00087866,1.73916767,0.00203723,3.73392913,0.00237736,9.75686101
0.00000000,1.05612562,0.00093170,1.73473810,0.00206683,3.71133849,0.00152350,9.65951852
-0.00000000,1.05621212,0.00085996,1.73073078,0.00171294,3.69038358,0.00056258,9.56590567
0.00000000,1.05618223,0.00096697,1.72643175,0.00228415,3.66931334,0.00305584,9.47759377
0.00000000,1.05634174,0.00093124,1.72225977,0.00197571,3.64752753,0.00177524,9.38303826
0.00000000,1.05644297,0.00101801,1.71799562,0.00251813,3.62579789,0.00477863,9.28963982
0.00000000,1.05654061,0.00101198,1.71368757,0.00250651,3.60328224,0.00473910,9.19064176
-0.00000000,1.05651236,0.00106224,1.70914087,0.00253016,3.58072616,0.00429667,9.09436078
0.00000000,1.05662742,0.00116965,1.70509748,0.00285676,3.55987709,0.00472979,9.00498570
-0.00000000,1.05682474,0.00109937,1.70131772,0.00250979,3.54037105,0.00365757,8.92178397
0.00000000,1.05688037,0.00112772,1.69688093,0.00271505,3.51843453,0.00426230,8.83156428
0.00000000,1.05689450,0.00114062,1.69245836,0.00311677,3.49636546,0.00698330,8.73765636
0.00000000,1.05689058,0.00122942,1.68783772,0.00351672,3.47327955,0.00840446,8.63882263
-0.00000000,1.05696654,0.00119552,1.68337435,0.00327476,3.45054829,0.00625850,8.54151260
-0.00000000,1.05704079,0.00114603,1.67894454,0.00312861,3.42806659,0.00626258,8.44608721
0.00000000,1.05703142,0.00111844,1.67442324,0.00281512,3.40626393,0.00445576,8.35715479
-0.00000000,1.05707890,0.00130025,1.67013460,0.00346063,3.38523805,0.00534314,8.26961938
-0.00000000,1.05711520,0.00127706,1.66569362,0.00334720,3.36334374,0.00501907,8.17891596
-0.00000000,1.05713019,0.00117927,1.66134742,0.00282696,3.34261883,0.00305727,8.09614254
0.00000000,1.05715240,0.00121668,1.65672831,0.00309434,3.32003125,0.00467431,8.00388335
0.00000000,1.05721905,0.00127427,1.65258237,0.00339606,3.29968765,0.00577899,7.92002383
0.00000000,1.05719374,0.00122081,1.64799292,0.00311132,3.27781700,0.00460746,7.83241844
0.00000000,1.05728968,0.00117264,1.64384485,0.00275428,3.25704170,0.00273493,7.74632643
0.00000000,1.05744775,0.00120518,1.64001992,0.00315341,3.23817326,0.00495308,7.67110117
-0.00000000,1.05740432,0.00122251,1.63553382,0.00307476,3.21708428,0.00331640,7.58659625
0.00000000,1.05756302,0.00117508,1.63187617,0.00278318,3.19911314,0.00271186,7.51472011
-0.00000000,1.05740934,0.00105761,1.62715739,0.00217887,3.17754549,0.00023200,7.42951501
-0.00000000,1.05750691,0.00105703,1.62311892,0.00243707,3.15829530,0.00184652,7.35435791
-0.00000000,1.05761957,0.00099643,1.61932509,0.00211594,3.14002122,0.00098119,7.28171370
-0.00000000,1.05772489,0.00101170,1.61552220,0.00198452,3.12187058,-0.00001036,7.21023882
-0.00000000,1.05784589,0.00097165,1.61145605,0.00160563,3.10232623,-0.00245851,7.13349499
0.00000000,1.05789118,0.00100702,1.60712350,0.00190649,3.08169642,-0.00061344,7.05224228
0.00000000,1.05801574,0.00106044,1.60321470,0.00223419,3.06312827,0.00060031,6.97978813
0.00000000,1.05798902,0.00090627,1.59869102,0.00148721,3.04197990,-0.00215611,6.89796374
0.00000000,1.05809176,0.00087791,1.59474336,0.00153907,3.02351934,-0.00120894,6.82761565
-0.00000000,1.05806147,0.00086384,1.59032262,0.00152465,3.00339039,-0.00093644,6.75107817
0.00000000,1.05813942,0.00096643,1.58617710,0.00194422,2.98384874,0.00067056,6.67569496
-0.00000000,1.05819248,0.00106055,1.58211838,0.00254515,2.96504146,0.00361110,6.60437279
-0.00000000,1.05823117,0.00115767,1.57800829,0.00287775,2.94645675,0.00444614,6.53539779
-0.00000000,1.05828151,0.00101709,1.57391688,0.00218888,2.92797293,0.00156619,6.46704032
-0.00000000,1.05853018,0.00086144,1.57024612,0.00142369,2.91017795,-0.00181039,6.39969552
0.00000000,1.05858345,0.00065055,1.56621452,0.00039357,2.89188364,-0.00575698,6.33125386
-0.00000000,1.05878983,0.00067185,1.56265775,0.00039331,2.87507544,-0.00607296,6.26942214
0.00000000,1.05896693,0.00079258,1.55904836,0.00101955,2.85782884,-0.00348127,6.20325757
0.00000000,1.05908423,0.00087627,1.55517142,0.00141938,2.83962248,-0.00198124,6.13406917
0.00000000,1.05907483,0.00085434,1.55096593,0.00141302,2.82108679,-0.00150735,6.06690270
0.00000000,1.05904553,0.00081841,1.54661243,0.00128864,2.80172660,-0.00128032,5.99526899
0.00000000,1.05906370,0.00102427,1.54232955,0.00230642,2.78272182,0.00278890,5.92615643
0.00000000,1.05916676,0.00106584,1.53845788,0.00243113,2.76513612,0.00342064,5.86198897
0.00000000,1.05923130,0.00099225,1.53452493,0.00213456,2.74732185,0.00247089,5.79617928
-0.00000000,1.05922748,0.00094484,1.53055717,0.00197353,2.73004549,0.00173734,5.73418811
-0.00000000,1.05927311,0.00096937,1.52665904,0.00231728,2.71282237,0.00354001,5.67212764
-0.00000000,1.05941980,0.00091363,1.52293149,0.00212518,2.69579831,0.00305965,5.61015372
0.00000000,1.05946531,0.00088721,1.51899534,0.00225121,2.67861113,0.00431884,5.54962882
-0.00000000,1.05959180,0.00086309,1.51512035,0.00202384,2.66073601,0.00298285,5.48388876
0.00000000,1.05971008,0.00094488,1.51142794,0.00241596,2.64430790,0.00452020,5.42604726
-0.00000000,1.05984377,0.00083597,1.50790559,0.00193179,2.62843307,0.00263657,5.36932062
-0.00000000,1.06007446,0.00089264,1.50454981,0.00211040,2.61288201,0.00307245,5.31343165
-0.00000000,1.06025129,0.00093462,1.50102593,0.00241542,2.59696010,0.00413579,5.25703154
0.00000000,1.06027955,0.00085906,1.49700493,0.00203768,2.57955318,0.00263469,5.19605257
-0.00000000,1.06038411,0.00086954,1.49321758,0.00215173,2.56286041,0.00311835,5.13798720
-0.00000000,1.06061254,0.00084984,1.48978176,0.00194568,2.54698002,0.00231988,5.08104454
0.00000000,1.06063185,0.00077308,1.48589554,0.00160633,2.53021762,0.00110206,5.02265398
-0.00000000,1.06074524,0.00080242,1.48235245,0.00179599,2.51493040,0.00200307,4.97043640
0.00000000,1.06088352,0.00076866,1.47876377,0.00177939,2.49921276,0.00252414,4.91671388
-0.00000000,1.06097283,0.00089042,1.47494398,0.00227994,2.48259181,0.00414294,4.85962788
-0.00000000,1.06097889,0.00086368,1.47091820,0.00212046,2.46564824,0.00344028,4.80267729
0.00000000,1.06099551,0.00091232,1.46702136,0.00231197,2.44919821,0.00416051,4.74701217
0.00000000,1.06108492,0.00095158,1.46322026,0.00252153,2.43278016,0.00489306,4.69085476
-0.00000000,1.06115454,0.00084064,1.45950057,0.00203693,2.41694517,0.00324003,4.63787951
0.00000000,1.06114871,0.00080160,1.45554262,0.00191305,2.40061270,0.00303177,4.58380665
-0.00000000,1.06121514,0.00080200,1.45186147,0.00204432,2.38513116,0.00407237,4.53245330
0.00000000,1.06140377,0.00089233,1.44848725,0.00247761,2.37036744,0.00549508,4.48318826
0.00000000,1.06145003,0.00090367,1.44470367,0.00262354,2.35470527,0.00663189,4.43244016
0.00000000,1.06150153,0.00090364,1.44086680,0.00242060,2.33867895,0.00558878,4.37983670
-0.00000000,1.06152120,0.00087329,1.43685571,0.00242057,2.32196908,0.00581449,4.32467743
0.00000000,1.06156431,0.00090667,1.43323914,0.00253436,2.30713108,0.00606128,4.27697044
0.00000000,1.06162715,0.00085141,1.42952594,0.00248197,2.29161616,0.00653019,4.22602823
-0.00000000,1.06162256,0.00087009,1.42557692,0.00260078,2.27564450,0.00710599,4.17487211
-0.00000000,1.06169469,0.00081578,1.42183885,0.00231640,2.26026102,0.00592902,4.12527382
0.00000000,1.06176836,0.00079300,1.41820556,0.00218077,2.24523975,0.00541605,4.07707019
-0.00000000,1.06177130,0.00067484,1.41433239,0.00167138,2.22966835,0.00387767,4.02782698
-0.00000000,1.06184720,0.00065067,1.41068025,0.00165649,2.21451909,0.00423712,3.97915953
-0.00000000,1.06190628,0.00068821,1.40711450,0.00171241,2.19994229,0.00401052,3.93279975
0.00000000,1.06198082,0.00070939,1.40354467,0.00184516,2.18544382,0.00449996,3.88725556
0.00000000,1.06202574,0.00065535,1.39983853,0.00165891,2.17047399,0.00396093,3.84022791
0.00000000,1.06207616,0.00074158,1.39627025,0.00202485,2.15636533,0.00511910,3.79749245
0.00000000,1.06223938,0.00079256,1.39285736,0.00227259,2.14207277,0.00589669,3.75237605
-0.00000000,1.06232044,0.00081992,1.38939868,0.00235331,2.12799261,0.00614530,3.70802056
-0.00000000,1.06237013,0.00083666,1.38580894,0.00232507,2.11381162,0.00574217,3.66488449
