-0.00000000,1.00165394,-0.00263716,-0.00315263,-0.00825219,-0.03941234,-0.04433205,-0.19465304
-0.00000000,1.00241891,-0.00366576,-0.00189366,-0.00398095,-0.02682433,-0.05649301,-0.20162587
-0.00000000,1.00100334,-0.00155568,-0.00370326,0.00338767,-0.02019287,-0.09833572,-0.28809300
0.00000000,1.00157942,0.00075140,-0.00356638,-0.00167923,-0.00009781,-0.07434706,-0.11432767
0.00000000,1.00044673,0.00134588,-0.00554564,-0.00145769,-0.01486031,-0.08759486,0.05728020
-0.00000000,0.99903553,0.00061149,-0.00387346,0.00224865,-0.01832692,-0.08318254,-0.16891349
-0.00000000,0.99913489,-0.00062618,-0.00107075,-0.01047114,-0.01116767,0.12425972,-0.19453648
-0.00000000,0.99969179,-0.00014167,0.00082628,-0.00359832,0.01554918,0.13669880,-0.12709185
0.00000000,1.00060069,0.00014251,-0.00260775,0.00075825,0.01724214,0.06767315,0.14745338
-0.00000000,1.00091541,0.00184996,-0.00318682,0.00308901,0.01042364,-0.00550643,0.12107210
-0.00000000,1.00029300,0.00088823,-0.00178456,0.00719576,0.04196413,0.02318047,0.09373808
-0.00000000,0.99961664,0.00134264,-0.00285918,0.00405718,0.05199982,0.05939963,-0.19034456
-0.00000000,0.99941721,0.00218649,0.00329821,0.00535136,0.06825558,0.00963613,-0.21574303
-0.00000000,0.99988359,0.00222642,0.00443002,0.00135893,0.02349024,0.02019869,-0.10639936
0.00000000,1.00035631,0.00200138,-0.00247405,0.00476476,0.00355501,-0.01756233,0.03815026
-0.00000000,1.00034956,0.00010070,-0.00102277,0.00565653,-0.02721244,-0.02529774,-0.01850962
0.00000000,1.00059728,0.00110402,-0.00308651,0.01353381,-0.05475207,-0.08908656,-0.20296691
-0.00000000,1.00108666,-0.00086530,-0.00446499,0.01141927,-0.06844493,-0.07384856,-0.10826587
0.00000000,1.00070909,0.00068175,-0.00023583,0.01459698,-0.01924760,-0.07399236,-0.09024284
0.00000000,1.00031183,-0.00004204,0.00067704,0.00491829,0.00465535,-0.00861949,-0.28001105
0.00000000,1.00080246,0.00209866,0.00163055,0.00283414,0.02351628,-0.05332364,-0.16380119
0.00000000,1.00087274,0.00126480,0.00170840,-0.00385300,-0.00455744,0.00027198,-0.14789758
-0.00000000,1.00070282,0.00129820,0.00280447,-0.00680968,0.01105234,0.01658513,-0.18540050
0.00000000,1.00078675,0.00037044,0.00149096,-0.00520013,0.06068064,-0.02352609,-0.09406271
0.00000000,1.00120595,0.00157759,0.00183258,-0.01377399,0.06515463,0.04882072,-0.01731006
-0.00000000,1.00101462,0.00190811,0.00298943,-0.00613094,0.05883045,0.00946154,0.06401039
0.00000000,1.00118356,0.00090392,0.00713349,-0.01807775,0.01278769,0.02353601,-0.03550899
-0.00000000,1.00157965,0.00268184,0.00827453,-0.01268812,-0.01069820,-0.03182027,-0.07594679
0.00000000,1.00126072,0.00080328,0.01104760,-0.00819541,-0.01136051,-0.06290624,-0.10448898
-0.00000000,1.00133008,-0.00020130,0.00601741,-0.00335782,-0.02939110,-0.02171632,-0.22681030
-0.00000000,1.00038235,-0.00162514,0.01072810,0.00817122,-0.04465606,-0.01687916,-0.12319338
0.00000000,1.00016504,-0.00056456,0.01169259,0.00288601,-0.02382308,-0.03949474,-0.06137488
-0.00000000,1.00107431,-0.00082516,0.01163418,-0.00670167,-0.03560790,0.00587380,-0.11160231
-0.00000000,1.00020870,-0.00115906,0.01048491,0.00554958,-0.04491156,-0.05069638,0.08971520
-0.00000000,0.99994115,-0.00074790,0.00479559,0.01308274,-0.03656188,0.01500737,-0.18505975
0.00000000,1.00059223,0.00074143,0.00422043,0.01467053,-0.00657860,0.08729300,-0.15968218
-0.00000000,1.00095086,0.00020232,0.00361093,0.02567576,0.01413512,0.14206992,0.24933894
-0.00000000,1.00152538,0.00125606,0.00157422,0.03117474,0.02222393,0.15480413,0.06679569
0.00000000,1.00237272,-0.00013567,0.00549549,0.02819253,0.02176940,0.11307977,-0.11883288
0.00000000,1.00264624,-0.00002999,0.00263785,0.03052504,0.03150673,0.10374503,-0.04403564
0.00000000,1.00307085,0.00020388,0.00620060,0.01761207,0.02087653,0.08436181,-0.12044366
0.00000000,1.00371200,0.00038629,0.00147102,0.01007005,-0.02028908,0.05532233,0.05323222
-0.00000000,1.00212553,-0.00216575,0.00385988,0.00097980,-0.02260383,0.07230448,0.09258792
-0.00000000,1.00244581,-0.00248845,0.00198472,0.00282245,-0.01335391,0.05000283,0.27384379
-0.00000000,1.00358926,-0.00183301,0.00176906,-0.00048466,-0.02772584,0.15520083,0.17451821
-0.00000000,1.00405866,-0.00250835,0.00127666,-0.00961862,-0.01964519,0.09876018,0.08289008
0.00000000,1.00337652,-0.00229694,0.00304416,-0.00643752,-0.01921900,0.01514690,0.02965345
0.00000000,1.00239274,-0.00147502,0.00523928,-0.01640892,0.00262731,-0.00228288,0.02893978
0.00000000,1.00183991,-0.00068115,0.00662674,-0.01037601,-0.02081288,0.01409562,0.07129061
-0.00000000,1.00192123,0.00002403,0.00390559,-0.00716009,0.00697727,-0.06003881,0.08197258
0.00000000,1.00156671,-0.00158663,0.00567650,-0.00559015,0.00322183,-0.08079613,0.31078939
0.00000000,1.00078782,-0.00250561,0.00385481,0.00182589,-0.01237614,-0.02972467,0.17338483
0.00000000,1.00028272,-0.00061135,0.00095501,0.00741419,-0.01964932,-0.03777466,0.09864674
-0.00000000,0.99978951,0.00093234,0.00138089,0.00558637,-0.01462230,-0.04934979,0.25093508
-0.00000000,1.00041632,0.00303567,-0.00468264,-0.00005360,-0.01018549,-0.07146217,0.23015430
0.00000000,1.00051764,0.00091697,-0.00487198,0.01464151,-0.00424274,-0.11190854,0.08798531
0.00000000,1.00043037,0.00310975,-0.00360981,0.00732584,-0.00521795,-0.05046606,-0.00461170
0.00000000,1.00059526,0.00419256,-0.00202551,0.00607319,-0.02287629,-0.04749488,-0.03950706
-0.00000000,1.00000571,0.00404797,0.00116244,0.01488845,-0.01111277,-0.08595046,-0.14398251
-0.00000000,1.00038893,0.00359740,-0.00036608,0.01450259,-0.04047379,-0.06641019,-0.12061105
0.00000000,0.99927790,0.00334313,0.00089818,0.01586161,-0.04088668,-0.13414350,-0.14170014
0.00000000,0.99909212,0.00286416,-0.00171397,0.00784796,-0.03834871,-0.03051145,0.11433275
0.00000000,0.99988849,0.00155683,0.00070037,0.00431450,-0.03723743,-0.05710929,0.06843921
-0.00000000,1.00025394,0.00061814,-0.00105715,0.00386667,-0.04629835,-0.06919250,-0.03545584
0.00000000,1.00054900,0.00245203,-0.00332803,0.00235525,-0.06869785,-0.07288986,-0.02489533
0.00000000,1.00143627,0.00268963,-0.00567701,0.00425963,-0.05626931,-0.11272714,0.00038503
0.00000000,1.00107441,0.00236620,-0.00780912,0.01267399,-0.04108601,-0.03292180,-0.02286963
-0.00000000,1.00082542,0.00293155,-0.00533248,0.02080016,-0.04442291,-0.01563501,-0.07774354
-0.00000000,1.00140477,0.00222274,-0.00771797,0.01425696,-0.06044577,-0.07422371,0.11081240
-0.00000000,1.00122089,0.00217121,-0.00707174,0.01294841,-0.04825939,-0.09474290,0.09280944
-0.00000000,1.00153283,0.00179031,-0.00210973,0.01110252,-0.06827340,-0.14357629,0.09983034
0.00000000,1.00147745,0.00241822,-0.00407341,0.00264672,-0.04267305,-0.18984162,0.01478686
0.00000000,1.00136250,0.00194336,-0.00288769,0.00653586,-0.03675483,-0.12242263,0.04060765
0.00000000,1.00135523,0.00186443,-0.00280188,0.02478214,-0.03909186,-0.18044655,-0.09706260
-0.00000000,1.00045354,0.00067555,-0.00007122,0.02713881,-0.02185324,-0.12362369,0.01733090
-0.00000000,1.00123478,0.00137467,0.00193460,0.02819985,-0.01805701,-0.06593697,-0.01178477
-0.00000000,1.00123351,0.00046507,0.00354923,0.03017640,-0.01837114,-0.06115706,0.09990528
-0.00000000,1.00161741,0.00003827,0.00439327,0.03631206,0.00258467,-0.01964106,-0.21263863
0.00000000,1.00162298,0.00178315,0.00489961,0.02782002,-0.00437309,-0.00605740,-0.18563446
-0.00000000,1.00220956,0.00221951,0.00402766,0.01953339,-0.00958632,-0.03917906,-0.00175672
-0.00000000,1.00242830,0.00142692,0.00503171,0.01797158,0.01104765,-0.00129603,-0.02498851
-0.00000000,1.00162177,0.00095431,0.00417736,0.02487681,0.05137715,-0.02601679,-0.13734823
0.00000000,1.00120463,0.00126258,0.00181093,0.02725967,0.06470281,0.04893942,0.15615146
-0.00000000,1.00086001,0.00084685,0.00429625,0.02424519,0.06438362,-0.01488507,0.35492674
0.00000000,1.00107581,0.00093729,-0.00036093,0.01881497,0.03067926,-0.05904536,0.06552443
-0.00000000,1.00107119,0.00212520,0.00328530,0.00610329,0.05061706,-0.08778234,-0.15726002
-0.00000000,1.00121853,0.00337625,0.00035554,0.01161576,0.02023843,-0.06740028,-0.21974358
-0.00000000,1.00091710,0.00455330,-0.00062828,0.00832695,0.00833575,-0.02935068,-0.08053228
0.00000000,1.00038968,0.00289142,0.00054542,0.00812737,0.00581023,-0.00100892,0.13048080
0.00000000,1.00058699,0.00132386,0.00484230,0.00632293,-0.01042827,-0.03125373,0.13751659
-0.00000000,1.00066559,0.00082317,0.00167417,0.00283186,-0.01373785,0.01249732,0.18036606
-0.00000000,1.00073883,-0.00006991,0.00154207,-0.00256388,-0.02610536,0.07526833,0.10035397
0.00000000,1.00072862,-0.00009892,0.00367473,0.00093385,-0.02588687,0.07889785,0.04515188
-0.00000000,1.00049251,-0.00046081,0.00308354,-0.00591654,-0.00285646,-0.01067351,-0.07360818
0.00000000,0.99929496,0.00204209,0.00344173,0.00023774,-0.01926972,-0.03053582,0.00301492
-0.00000000,0.99906996,0.00139448,0.00637959,-0.00062808,-0.03410763,-0.07923579,0.02146409
-0.00000000,1.00014704,0.00203790,0.00780477,0.00976100,-0.03864430,-0.08352774,-0.12662981
-0.00000000,0.99997303,0.00197772,0.00874658,0.01870454,-0.04036334,-0.06354217,-0.16438507
-0.00000000,0.99981706,-0.00000578,0.00509156,0.01933352,-0.05683083,-0.05187618,0.08316139
0.00000000,1.00026213,0.00073639,0.00731654,0.02319723,-0.04831578,-0.00002667,-0.01940276
0.00000000,1.00013585,0.00023872,0.00655272,0.01289177,-0.04967344,0.04370911,0.00393404
0.00000000,0.99949726,0.00029942,0.00365843,0.01575188,-0.04641634,0.05091442,-0.05231634
0.00000000,0.99946593,0.00034519,0.00438510,0.01500017,-0.02630574,-0.03987763,-0.06933564
0.00000000,0.99981538,0.00115837,0.00371327,0.01917291,-0.02270789,-0.00337412,-0.21046778
0.00000000,0.99978878,0.00286990,0.00411395,0.00918540,0.00394804,0.03516171,-0.07540337
0.00000000,0.99908150,0.00486770,0.00413440,0.01367435,0.01185135,0.05116383,-0.06009222
-0.00000000,0.99887842,0.00371122,0.00432153,0.01061763,0.00436071,0.01240714,0.00469109
0.00000000,0.99844625,0.00325939,0.00209882,0.00923472,0.01475593,0.05218187,-0.03132373
0.00000000,0.99886919,0.00314860,-0.00200481,0.01015018,0.04327498,0.04897411,-0.16376100
0.00000000,0.99924831,0.00377225,-0.00557398,0.01093731,0.04815347,0.04775544,0.08156179
-0.00000000,0.99964586,0.00358734,-0.00482088,0.00775181,0.03147114,-0.02323069,0.05614766
-0.00000000,0.99940999,0.00294636,0.00173540,0.00878201,0.02631746,-0.01113297,-0.06272814
0.00000000,0.99882535,0.00092598,-0.00013279,0.00477507,0.00859443,0.03409721,-0.09700018
0.00000000,0.99881824,0.00034955,0.00226056,0.00374697,-0.02137579,0.01702395,-0.17899470
-0.00000000,0.99942195,-0.00063124,0.00171837,0.00278756,-0.03236633,-0.09035185,-0.05419174
0.00000000,0.99896054,0.00089571,0.00124427,0.00221475,-0.00394579,-0.08737861,-0.16404426
-0.00000000,0.99870690,0.00000653,-0.00045864,0.00423088,0.02261307,-0.03645246,-0.21132052
-0.00000000,0.99890996,0.00041240,-0.00022080,0.00399973,0.03997483,-0.04060718,-0.30790517
-0.00000000,0.99934815,0.00079799,0.00116727,0.00793193,0.03065200,-0.09199957,-0.00814030
-0.00000000,0.99994817,0.00133874,0.00253333,0.00843822,0.03181742,-0.12620609,0.09883909
0.00000000,1.00025539,0.00260275,0.00541631,0.00823569,0.02527724,-0.00778536,0.17661141
0.00000000,1.00044768,0.00077143,0.00391958,0.00312913,0.01531018,-0.02763788,0.01689606
0.00000000,1.00069827,0.00153096,0.00509319,-0.00599018,-0.00914611,0.02208524,0.05355074
-0.00000000,1.00016675,-0.00013496,0.00748388,-0.00374933,0.00235210,0.00233352,-0.07479009
0.00000000,0.99984718,-0.00057100,0.00673467,-0.00711030,-0.00637675,-0.05005956,0.04721923
-0.00000000,0.99981059,-0.00078068,0.00478580,-0.00541739,-0.00554514,-0.01772036,-0.00096849
-0.00000000,0.99979676,-0.00075769,0.00325773,-0.00589929,0.00350255,0.03878077,0.08736758
-0.00000000,1.00027541,0.00121597,0.00368682,-0.01086030,-0.00534605,0.01351002,0.13744686
0.00000000,1.00007002,-0.00031388,0.00277223,-0.00497097,-0.00698825,-0.00264926,0.11490013
-0.00000000,0.99971889,-0.00034018,0.00194895,0.00218617,-0.03498793,-0.01941261,0.07060044
-0.00000000,1.00046479,0.00188385,0.00282214,0.00143547,-0.03714321,-0.01904056,-0.02370278
-0.00000000,1.00045169,0.00326444,-0.00059864,0.00124198,-0.02107281,-0.05907047,0.09643604
0.00000000,1.00100338,0.00210846,0.00564543,-0.00360521,-0.02014478,-0.10973497,0.12137432
0.00000000,1.00140205,0.00245411,0.00785240,-0.00003110,-0.02268190,-0.14903527,0.10402760
-0.00000000,1.00188710,0.00185246,0.00769097,0.01472360,-0.02114963,-0.06686263,0.10906945
0.00000000,1.00187963,0.00087495,0.00468476,0.01398019,-0.03023258,-0.13731229,0.24297826
0.00000000,1.00200231,0.00080411,0.00254787,0.01128357,-0.01804453,-0.11239633,0.18047322
0.00000000,1.00237220,0.00075934,0.00404299,0.00691196,-0.03330774,-0.08571434,0.25969366
-0.00000000,1.00230266,0.00129830,0.00041993,0.00233701,-0.02380580,-0.12753760,0.11171732
-0.00000000,1.00190235,0.00165703,0.00089297,-0.00157960,-0.02098917,-0.07330357,0.00084707
-0.00000000,1.00215760,0.00113071,0.00027771,-0.00346214,-0.03904100,0.00181044,0.17570778
-0.00000000,1.00147682,0.00090348,0.00140246,-0.00136038,-0.06056764,-0.02976115,0.17817637
-0.00000000,1.00078453,-0.00213358,-0.00169192,-0.00090641,-0.06127180,-0.00960042,0.31883088
-0.00000000,1.00059007,-0.00075013,-0.00179370,0.00079501,-0.03539183,0.02206714,0.19861029
-0.00000000,1.00055488,-0.00166973,-0.00409568,0.00647830,-0.02745779,-0.05093816,0.20380767
0.00000000,1.00034033,-0.00194239,-0.00456189,0.01237967,-0.03895537,-0.13190753,0.07151009
0.00000000,1.00116047,-0.00250878,-0.00087116,0.01328984,-0.03593912,-0.14757824,-0.05370546
-0.00000000,1.00122732,-0.00298085,-0.00140507,0.00986324,-0.02118086,-0.10376332,-0.27911602
0.00000000,1.00063835,-0.00303538,-0.00007487,0.00973010,-0.00920337,-0.04327200,-0.37642121
-0.00000000,1.00105405,-0.00394288,0.00058526,0.00714636,0.00483629,-0.10543428,-0.23793342
0.00000000,1.00039575,-0.00400944,0.00014810,0.00291169,-0.00013784,-0.13156365,-0.18740311
-0.00000000,1.00031495,-0.00441889,0.00168448,0.00408786,0.00143841,-0.10318006,-0.12876073
-0.00000000,1.00052235,-0.00489474,0.00162848,0.00897855,0.01073976,-0.11297085,-0.13681835
0.00000000,1.00046623,-0.00484321,0.00315965,0.00440074,0.02648015,-0.14046776,-0.16908242
-0.00000000,1.00039550,-0.00603152,0.00238479,0.00733479,0.03765481,-0.11640605,-0.02597443
0.00000000,1.00025867,-0.00505872,0.00235052,0.00936258,0.01241622,-0.03872463,-0.01448335
0.00000000,1.00071688,-0.00419700,0.00031043,0.01222770,0.00565964,-0.05005863,-0.10172470
0.00000000,1.00052026,-0.00541964,0.00089133,0.01142505,0.02419231,-0.05970775,0.05128445
-0.00000000,1.00042460,-0.00441724,0.00471842,0.01616494,-0.00889131,-0.09629133,-0.01583050
0.00000000,0.99975762,-0.00423522,0.00588526,0.02255340,-0.01576740,-0.07949294,0.03911361
-0.00000000,0.99992100,-0.00420319,0.00585201,0.01936493,-0.02191961,-0.03997418,-0.12178412
0.00000000,1.00008797,-0.00383382,0.00566853,0.02316128,-0.01142863,-0.06549303,-0.14303675
-0.00000000,1.00048018,-0.00290497,0.00467787,0.03117109,-0.03700414,0.01339615,-0.09825989
-0.00000000,1.00119661,-0.00441363,0.00387100,0.02116338,-0.01286165,0.03653698,-0.18617875
-0.00000000,1.00071841,-0.00513702,0.00051780,0.02664888,-0.01523189,0.04981342,-0.13411652
0.00000000,1.00145650,-0.00418923,-0.00133799,0.02380805,-0.00365960,0.01042162,-0.02947904
-0.00000000,1.00123974,-0.00441315,-0.00054169,0.02206046,0.00456510,0.03548061,-0.06742737
0.00000000,1.00137372,-0.00345922,-0.00082406,0.02440544,0.03050028,0.01744408,-0.13191446
-0.00000000,1.00161110,-0.00246229,0.00163718,0.02423144,0.02987830,0.07255630,-0.00231420
-0.00000000,1.00156580,-0.00125693,0.00163221,0.02425935,-0.01376844,0.08296908,-0.16715405
0.00000000,1.00058913,-0.00050022,0.00315451,0.02809455,-0.02536191,-0.00235582,-0.31182084
0.00000000,1.00110037,-0.00058151,0.00539663,0.01923073,-0.03172163,-0.04038686,-0.19790957
-0.00000000,1.00099210,-0.00136518,0.00402726,0.02613844,-0.03939965,0.02133048,-0.17498984
-0.00000000,1.00132754,-0.00039375,0.00354707,0.02464699,-0.01104890,0.00217236,-0.04770027
0.00000000,1.00090228,0.00060035,0.00113908,0.00965817,-0.01191240,-0.00107419,0.07552310
0.00000000,1.00075462,0.00091506,0.00046950,0.00485035,-0.01876502,0.03876443,0.13847540
-0.00000000,1.00079642,0.00120618,-0.00002414,0.00218493,-0.01628259,0.07056959,0.12839009
-0.00000000,1.00080113,0.00227214,0.00209948,0.00658150,-0.01591503,0.05991641,0.39573106
0.00000000,1.00072489,0.00119238,0.00044470,-0.00011737,-0.01966815,-0.03012288,0.40039204
0.00000000,0.99996899,0.00075849,0.00139323,0.00331771,-0.03113215,-0.05820234,0.23472909
0.00000000,0.99896731,-0.00116999,0.00122672,-0.00101969,-0.00819544,0.02903301,0.47935291
0.00000000,0.99845583,-0.00033987,0.00268763,-0.00139672,0.02427766,0.03460656,0.76002509
-0.00000000,0.99795479,0.00035669,0.00358790,0.00270798,0.04684785,0.00575382,0.86064104
0.00000000,0.99816311,0.00041716,0.00530546,0.01574921,0.02189285,0.09254515,0.83367863
-0.00000000,0.99748218,0.00049981,0.00541904,0.01644505,0.02467557,0.02870207,0.31885428
-0.00000000,0.99720292,0.00091481,0.00465209,0.00848169,0.03028646,0.05303381,0.39363608
-0.00000000,0.99699941,0.00001872,0.00335779,0.01095917,0.02127263,0.06174692,0.51507348
0.00000000,0.99703933,0.00138758,0.00430563,0.01154535,0.00864866,0.04732323,0.56612814
-0.00000000,0.99710699,-0.00048130,0.00620433,0.00652268,-0.01034809,-0.02804031,0.46387665
-0.00000000,0.99734545,-0.00144374,0.00576657,-0.00046566,-0.00237088,-0.09586136,0.36611150
-0.00000000,0.99808980,-0.00156149,0.00451727,-0.01209846,-0.01204812,-0.07113927,0.23094343
0.00000000,0.99859763,-0.00132026,0.00460835,-0.00553537,-0.02955421,-0.04662571,0.10603703
-0.00000000,0.99838392,-0.00232824,0.00503507,-0.01183683,-0.00507210,-0.07504039,0.22774236
-0.00000000,0.99826656,-0.00345594,0.00282887,-0.00796626,0.01621858,-0.10396628,0.46110255
-0.00000000,0.99861064,-0.00410670,0.00229489,-0.00910723,0.00589786,-0.14694039,0.29747235
-0.00000000,0.99844363,-0.00368083,0.00243728,-0.01577067,0.00653754,-0.11397645,0.21918412
0.00000000,0.99951174,-0.00449058,0.00284949,-0.01983437,0.00256239,-0.17105856,0.21536763
0.00000000,0.99924871,-0.00532745,0.00476376,-0.01727826,0.03205383,-0.07342010,0.21863019
-0.00000000,0.99874480,-0.00542194,0.00140088,-0.01744751,0.01437567,-0.03339883,0.00037659
-0.00000000,0.99844013,-0.00573388,0.00336284,-0.01246610,0.01786449,0.01463853,0.17317580
-0.00000000,0.99864765,-0.00367069,0.00094977,-0.01037592,0.01514589,-0.04158762,0.12866975
-0.00000000,0.99852405,-0.00440000,0.00102820,-0.01853113,0.01359423,-0.03067812,0.00119237
0.00000000,0.99822367,-0.00359155,0.00463209,-0.01470255,-0.02346150,-0.01636228,0.07328406
-0.00000000,0.99823129,-0.00357589,0.00503650,-0.01382369,-0.03058701,-0.06775378,0.02625033
-0.00000000,0.99802728,-0.00353366,0.00498888,-0.02435932,-0.02580700,-0.09213381,-0.06977374
0.00000000,0.99819914,-0.00364422,0.00607150,-0.01873761,-0.01315117,-0.06657846,-0.07811070
0.00000000,0.99851507,-0.00347776,0.00584450,-0.01276260,-0.02642605,-0.01412276,0.02156925
0.00000000,0.99835135,-0.00291039,0.00601413,-0.00733860,-0.00650477,-0.00681585,0.00689370
0.00000000,0.99837740,-0.00285405,0.00491690,-0.00466880,-0.01866823,0.04466446,0.05869400
0.00000000,0.99927491,-0.00219169,0.00191913,-0.00633086,-0.00812052,0.05456583,0.11529809
-0.00000000,0.99897360,-0.00300105,0.00390228,-0.00127265,-0.02954537,0.09871842,0.23241555
0.00000000,0.99919964,-0.00288539,0.00499840,-0.00246573,-0.03145806,0.12101363,0.20479519
-0.00000000,0.99868731,-0.00232262,0.00370718,-0.00563971,-0.05291307,0.09316252,0.05898889
0.00000000,0.99887351,-0.00232861,0.00649411,-0.00452622,-0.05172634,0.04631616,0.16197843
-0.00000000,0.99906289,-0.00366581,0.00393025,-0.00772959,-0.06577863,0.08980750,0.38404857
0.00000000,0.99929443,-0.00420037,0.00367552,-0.00542969,-0.04727146,0.10557576,0.58243751
-0.00000000,0.99893132,-0.00381140,0.00568705,-0.01478610,-0.04137308,0.03184402,0.60520670
0.00000000,0.99841341,-0.00460503,0.00667172,-0.01218461,-0.04096994,-0.00860125,0.34087098
0.00000000,0.99892081,-0.00480985,0.00307146,-0.00565932,-0.04875567,-0.01616606,0.37086465
-0.00000000,0.99923042,-0.00474275,0.00336708,-0.00227914,-0.04026906,-0.04015132,0.20476246
-0.00000000,0.99858253,-0.00404799,0.00236964,-0.00526951,-0.05433080,0.01017253,0.20120423
-0.00000000,0.99867200,-0.00357828,0.00060641,-0.00898046,-0.04365810,0.02150205,0.07540832
-0.00000000,0.99820763,-0.00291302,-0.00105100,-0.00339620,-0.04395398,0.03808075,0.05250611
-0.00000000,0.99876666,-0.00210010,-0.00245847,-0.00178240,-0.05209895,0.01854041,0.14432788
-0.00000000,0.99805670,-0.00220892,0.00030244,0.00411830,-0.05987472,-0.01092468,0.06752691
-0.00000000,0.99766363,-0.00167373,-0.00114823,0.00163922,-0.06074050,0.01992459,0.12185333
0.00000000,0.99743900,-0.00362258,-0.00382044,-0.00266722,-0.04876239,-0.00830750,0.07838825
0.00000000,0.99777226,-0.00290581,-0.00425168,-0.00083799,-0.03932843,-0.03310591,-0.00352239
0.00000000,0.99748537,-0.00355078,-0.00531114,-0.00058995,-0.05720644,-0.01295784,0.03780100
-0.00000000,0.99798765,-0.00366086,-0.00659725,0.00248479,-0.05404082,0.03231582,0.01418846
-0.00000000,0.99789237,-0.00302835,-0.00354630,-0.00028655,-0.03572115,0.05574809,0.08824708
0.00000000,0.99777399,-0.00349641,-0.00731952,0.00785610,-0.02192235,0.09250880,0.02988319
0.00000000,0.99794062,-0.00437685,-0.00684176,0.00566650,-0.03619041,0.04033910,0.13306803
0.00000000,0.99800680,-0.00323625,-0.00503288,0.00268366,-0.03208414,0.11081683,0.14404580
0.00000000,0.99795855,-0.00287851,-0.00478000,-0.00517735,-0.02452571,0.07121634,-0.03872566
-0.00000000,0.99817746,-0.00320959,-0.00411897,-0.01440885,-0.02046443,0.06615760,0.01927722
0.00000000,0.99852292,-0.00219594,-0.00478977,-0.01594598,-0.01213982,0.07582456,-0.05062225
-0.00000000,0.99857865,-0.00234455,-0.00424357,-0.01210277,-0.00611016,-0.01711024,-0.11014116
-0.00000000,0.99822911,-0.00227251,-0.00367182,-0.00237761,-0.00562817,0.00131192,-0.14805096
-0.00000000,0.99815689,-0.00218141,-0.00438582,-0.00638887,-0.01657578,0.02003465,-0.13145172
0.00000000,0.99804759,-0.00280117,-0.00291550,-0.00128832,-0.00527508,0.03451647,-0.23285342
0.00000000,0.99804736,-0.00321106,-0.00030995,-0.00132268,-0.01543062,0.06927820,-0.12587335
-0.00000000,0.99852339,-0.00283233,-0.00020822,-0.00116636,-0.02087775,0.03071532,-0.21194322
0.00000000,0.99780616,-0.00262245,-0.00080727,-0.00586180,-0.03351998,0.06644982,-0.16186768
-0.00000000,0.99815176,-0.00165761,-0.00036620,-0.00509236,-0.03724476,0.09044314,-0.16784342
0.00000000,0.99800686,-0.00199135,-0.00345327,-0.00824411,-0.01269742,0.08925475,-0.17184332
-0.00000000,0.99852579,-0.00171971,-0.00470623,-0.00356174,0.00109579,0.10500191,-0.09349093
-0.00000000,0.99882538,-0.00225608,-0.00631049,-0.00062715,-0.01213557,0.10014266,0.05272161
0.00000000,0.99895307,-0.00277653,-0.00806738,0.00309368,-0.01605193,0.10630682,0.02868316
0.00000000,0.99898938,-0.00276316,-0.00857536,-0.00018156,-0.02598686,0.07958498,0.22417183
-0.00000000,0.99902648,-0.00139693,-0.00733682,-0.00190530,-0.02820855,0.07232236,0.18140447
0.00000000,0.99969364,-0.00124419,-0.00805775,0.00163171,-0.04759877,0.07628237,0.08417259
-0.00000000,0.99993739,-0.00111233,-0.00777736,0.00333087,-0.04210441,0.05783337,0.10852582
-0.00000000,1.00020648,-0.00009280,-0.00901164,0.00748503,-0.03094611,-0.00755565,-0.00486484
0.00000000,0.99993006,-0.00042056,-0.00706092,0.00080366,-0.02536881,0.02619427,-0.00203986
-0.00000000,0.99966675,-0.00089982,-0.00693472,0.00566838,-0.02456236,0.01593618,0.09009811
0.00000000,0.99990835,-0.00162893,-0.00643663,-0.00159955,-0.03655686,-0.00392305,0.05336468
-0.00000000,1.00003364,-0.00020489,-0.00728471,0.00107010,-0.02731181,-0.00896316,0.02309190
0.00000000,0.99990929,0.00072958,-0.00742511,0.00405247,-0.04491241,0.01032695,0.21726705
-0.00000000,0.99960747,-0.00086541,-0.00508974,0.00044911,-0.03094933,0.08278069,0.39918095
0.00000000,0.99955416,0.00105042,-0.00640277,0.00187038,-0.05262357,0.05770374,0.33638462
0.00000000,0.99920584,0.00160600,-0.00831423,0.00230010,-0.05474836,0.00270185,0.32592168
0.00000000,0.99939627,0.00119232,-0.01097771,0.00498751,-0.03776229,-0.00017386,0.43876257
0.00000000,0.99879889,0.00066939,-0.01158905,0.00799781,-0.02496030,-0.02249337,0.36088442
0.00000000,0.99879457,0.00102220,-0.01164718,0.01017198,-0.02684004,-0.00552480,0.32172102
-0.00000000,0.99827105,0.00029473,-0.01335985,0.00633546,-0.00610201,-0.04855925,0.34281917
-0.00000000,0.99827301,0.00188494,-0.01357518,0.00444306,0.00303966,-0.05034423,0.25625219
-0.00000000,0.99831840,0.00170541,-0.01546919,0.00751381,0.01231293,-0.02251281,0.31550343
0.00000000,0.99855662,0.00220369,-0.01260045,0.00608469,0.00252265,-0.01491512,0.33757202
0.00000000,0.99866423,0.00179436,-0.01229646,0.00489831,0.01519162,0.00227248,0.40788573
0.00000000,0.99882784,0.00181714,-0.01225280,0.01065667,0.00093382,-0.01048778,0.22623266
0.00000000,0.99880134,0.00163681,-0.01375011,0.00385536,-0.00700514,0.02194802,0.32824697
0.00000000,0.99922366,0.00234025,-0.01741372,0.00434558,-0.01779114,0.00038500,0.23003349
-0.00000000,0.99876652,0.00130203,-0.01612822,0.00939049,-0.02012183,0.03101404,0.15644483
-0.00000000,0.99899717,0.00151900,-0.01643640,0.01053813,-0.02859738,0.02368868,0.09587380
-0.00000000,0.99878170,0.00209869,-0.01336847,0.01123113,-0.02900293,0.00207465,0.08623688
0.00000000,0.99926818,0.00225884,-0.01513795,0.01213361,-0.03009237,-0.00143355,0.03723197
-0.00000000,0.99875390,0.00286720,-0.01515114,0.00773473,-0.04881670,0.01541457,0.04912097
-0.00000000,0.99890856,0.00351879,-0.01863169,0.00524951,-0.04209023,-0.00821258,0.10584679
-0.00000000,0.99881879,0.00301423,-0.01793311,0.00013857,-0.02948923,-0.02658706,0.05835462
0.00000000,0.99919751,0.00320895,-0.01744231,-0.00155903,-0.01620980,0.01922823,0.13309392
-0.00000000,0.99894172,0.00210409,-0.01500301,0.00097443,-0.01253912,0.05757722,0.22479535
0.00000000,0.99948910,0.00133634,-0.01414924,0.00204136,-0.01252517,0.02541929,0.31128166
-0.00000000,0.99964498,0.00231645,-0.00987181,0.00225110,-0.00904435,0.04242139,0.38865368
0.00000000,1.00000081,0.00180836,-0.01000603,0.01123244,-0.01144471,0.08591646,0.37368534
0.00000000,0.99987577,0.00158736,-0.00525556,0.01301275,-0.01631984,0.05342031,0.06848176
0.00000000,0.99937714,0.00198873,-0.00333993,0.01355206,-0.00210266,0.06501848,-0.02328756
0.00000000,0.99928996,-0.00006011,-0.00237654,0.01416068,0.00517196,0.03119177,0.05922124
0.00000000,0.99934100,0.00036489,0.00095696,0.01196031,-0.00412152,0.07095062,0.14486710
0.00000000,0.99963777,-0.00003835,0.00190998,0.01009870,-0.00321004,0.03990425,-0.01525386
-0.00000000,0.99911319,0.00066176,-0.00045408,0.01263079,-0.01200918,0.01436576,-0.07711522
0.00000000,0.99907634,0.00180383,0.00001370,0.01439892,-0.01556711,0.04090151,-0.08066925
-0.00000000,0.99876043,0.00250613,0.00183918,0.01695813,-0.01706023,0.05132896,-0.06997719
0.00000000,0.99890758,0.00223768,0.00261459,0.01396381,0.00611161,0.09035488,-0.10524882
0.00000000,0.99869875,0.00184672,0.00462381,0.01897683,0.00374673,0.07376798,-0.08730135
0.00000000,0.99880772,0.00162185,0.00310096,0.02150805,0.03006003,0.02452980,-0.14074658
0.00000000,0.99899852,0.00154520,0.00442061,0.03191744,0.02188138,0.05069481,0.05443103
-0.00000000,0.99922461,0.00240023,0.00469559,0.03096215,0.02322762,-0.00590456,-0.07342871
0.00000000,0.99931333,0.00181269,0.00409991,0.02814936,0.01034335,-0.04954345,-0.19531346
0.00000000,0.99898095,0.00196726,0.00551725,0.02954642,0.02334398,-0.04286650,-0.18157393
0.00000000,0.99911653,0.00176000,0.00579470,0.02803647,0.01927501,-0.04531326,-0.08140735
0.00000000,0.99867346,0.00262182,0.00608514,0.02494076,0.01654802,0.02811975,0.00393831
0.00000000,0.99844968,0.00285714,0.00596981,0.02331895,0.01961437,0.06331024,-0.00132143
-0.00000000,0.99864537,0.00235202,0.00728915,0.02173236,0.02012300,0.05302369,-0.06012346
-0.00000000,0.99851736,0.00137863,0.00677690,0.02430460,0.00255830,0.08470090,0.00026829
0.00000000,0.99874318,0.00140294,0.00996941,0.01200463,-0.00853083,0.05035382,0.00972517
-0.00000000,0.99828377,0.00032864,0.00986751,0.01568747,-0.02021000,0.01682558,0.11705508
-0.00000000,0.99865327,-0.00037611,0.01148927,0.01174724,-0.01603823,-0.00917131,0.15199461
-0.00000000,0.99903806,-0.00176077,0.01218224,0.01316662,-0.02343739,-0.01678633,0.08561271
-0.00000000,0.99887622,-0.00157629,0.01001930,0.00940501,-0.01312828,-0.01760358,0.04511888
0.00000000,0.99877428,-0.00155021,0.01056472,0.01202513,-0.00749118,-0.01400474,0.02841637
-0.00000000,0.99846695,-0.00172713,0.01075203,0.01406348,-0.00284403,-0.01809015,0.00318955
-0.00000000,0.99897173,-0.00135533,0.01142777,0.01287360,0.00522009,-0.03076491,-0.04205523
-0.00000000,0.99883262,-0.00240821,0.00618101,0.01080311,0.00796704,0.05641529,-0.05161863
0.00000000,0.99880890,-0.00287949,0.00670016,0.01264638,0.01270616,0.00897308,-0.08863329
-0.00000000,0.99873353,-0.00233120,0.00457644,0.01491666,0.00911002,0.00445925,-0.09303745
-0.00000000,0.99827737,-0.00124355,0.00754137,0.01444261,-0.00310726,0.01128914,-0.04631653
-0.00000000,0.99792168,-0.00123320,0.00744470,0.01403946,0.00891720,0.01145174,-0.12592551
-0.00000000,0.99821197,-0.00127901,0.00901763,0.00684664,0.01139528,-0.01272631,-0.06232813
0.00000000,0.99805800,-0.00166485,0.00750034,0.01114719,0.01048625,-0.00427616,-0.09715785
-0.00000000,0.99776821,-0.00156128,0.00862057,0.01456256,0.01190861,0.00319783,-0.11364832
-0.00000000,0.99796997,-0.00092512,0.01160577,0.01092723,0.01172718,-0.00804646,-0.13014294
0.00000000,0.99799103,-0.00083176,0.01380239,0.00836558,0.00895848,0.00345573,-0.28097198
-0.00000000,0.99813758,-0.00101698,0.01249034,0.00316841,-0.00514578,0.02472637,-0.24109940
-0.00000000,0.99814985,-0.00142890,0.00952414,0.00694991,0.00858108,0.04763286,-0.05591685
-0.00000000,0.99829312,-0.00126809,0.00784359,0.00716997,0.01314164,0.05008315,-0.12496277
-0.00000000,0.99850886,-0.00318790,0.00748171,0.00472091,-0.00650460,0.08471977,-0.10324275
-0.00000000,0.99866794,-0.00276030,0.00843935,0.00597596,0.00666470,0.04065872,-0.04024370
0.00000000,0.99882232,-0.00240816,0.00839327,0.00282311,-0.00569962,0.08419613,0.10921396
0.00000000,0.99830594,-0.00194157,0.00675817,0.00570671,0.00341225,0.05497979,0.02638874
0.00000000,0.99800458,-0.00171021,0.00856995,0.00908988,0.00140564,0.01863340,-0.04700056
-0.00000000,0.99770127,-0.00154227,0.00543874,0.00346086,0.00556708,0.03425718,-0.03079052
-0.00000000,0.99765852,-0.00100237,0.00643057,0.00648561,0.00460473,0.03661140,0.01019619
0.00000000,0.99690963,0.00014790,0.00556771,0.00355517,0.00991785,0.05437493,0.07151740
0.00000000,0.99733518,0.00053909,0.00713326,0.00357157,0.00365214,0.01593632,0.03400826
-0.00000000,0.99772286,0.00066808,0.00948498,0.00146402,-0.01581392,0.01062258,-0.03503295
-0.00000000,0.99784042,0.00103435,0.00717030,0.00462234,-0.01005234,0.00609509,-0.05405954
-0.00000000,0.99770856,-0.00017346,0.00576705,0.00134161,-0.01223394,0.00826302,-0.15380108
0.00000000,0.99728347,0.00043130,0.00706202,-0.00091696,-0.02384797,0.04603763,-0.07321028
-0.00000000,0.99773072,0.00080970,0.00647666,0.00803080,-0.02584331,0.03440231,-0.03544223
-0.00000000,0.99798813,0.00051906,0.00488616,0.00981352,-0.02967145,0.02970733,-0.10061392
0.00000000,0.99825878,0.00102135,0.00363544,0.01186737,-0.02521483,0.04026134,-0.15245390
-0.00000000,0.99787341,-0.00037488,0.00330795,0.00981942,-0.02944913,0.04000458,-0.07734292
0.00000000,0.99765586,-0.00004695,0.00388064,0.01389871,-0.01740499,0.00530593,-0.07905443
-0.00000000,0.99759139,0.00018135,0.00316887,0.01310382,-0.02851023,0.02077467,-0.14903333
-0.00000000,0.99775259,0.00023392,0.00303271,0.01153388,-0.03491872,-0.00271065,-0.12702610
-0.00000000,0.99761014,0.00013796,0.00454921,0.01118576,-0.02397032,0.02969319,-0.10334850
-0.00000000,0.99742991,0.00051578,0.00321136,0.00227217,-0.02923434,0.01664448,-0.14062564
0.00000000,0.99791051,0.00077713,0.00078125,-0.00107081,-0.03825766,-0.00034759,-0.20436416
-0.00000000,0.99805214,-0.00042402,0.00061598,-0.00123101,-0.03797661,-0.00153516,-0.18013005
-0.00000000,0.99804578,-0.00133177,0.00051590,0.00012672,-0.03059949,-0.02949897,-0.18514272
0.00000000,0.99768727,-0.00128093,-0.00148000,-0.00084027,-0.03763383,-0.01860742,-0.06594856
-0.00000000,0.99785835,-0.00081435,-0.00118927,-0.00156083,-0.03157902,-0.02956436,-0.07037964
-0.00000000,0.99763140,-0.00160006,-0.00012536,-0.00152466,-0.03011631,-0.01521728,-0.07957910
-0.00000000,0.99799849,-0.00077302,-0.00159604,-0.00513322,-0.02998890,-0.01554566,-0.17764343
0.00000000,0.99778217,-0.00084038,-0.00252944,-0.00466500,-0.03481547,-0.01871714,-0.11237360
-0.00000000,0.99767226,-0.00094713,-0.00182811,-0.00652430,-0.02952786,0.02870294,-0.23135811
-0.00000000,0.99730018,-0.00037689,-0.00220509,-0.00703445,-0.01885402,0.00347395,-0.34483872
0.00000000,0.99742869,-0.00068695,-0.00197968,-0.00369601,-0.01194742,-0.01835104,-0.32791504
0.00000000,0.99748957,-0.00126577,-0.00203573,-0.00736569,-0.02363647,0.02089515,-0.22107500
0.00000000,0.99745541,-0.00151511,-0.00163199,-0.00423183,-0.01866227,0.02242761,-0.19438875
0.00000000,0.99799977,-0.00145715,0.00031842,-0.00066992,-0.04005217,0.03241555,-0.19557635
0.00000000,0.99766654,-0.00086673,-0.00002806,0.00105788,-0.03366603,0.06536420,-0.20760887
0.00000000,0.99734537,-0.00070577,-0.00083832,0.00230515,-0.02481004,0.02673324,-0.12940109
-0.00000000,0.99747502,0.00008519,-0.00193422,0.00962944,-0.02208461,0.02395361,-0.20128369
0.00000000,0.99737602,0.00103361,-0.00084552,0.00610075,-0.03219646,-0.01870295,-0.09257489
-0.00000000,0.99718680,0.00074925,0.00063159,0.00659255,-0.02714865,-0.05427221,-0.09907614
-0.00000000,0.99655163,0.00034295,0.00142527,0.00264028,-0.02776169,-0.04948402,-0.00091108
-0.00000000,0.99621345,0.00110131,0.00146182,0.00313168,-0.02752155,-0.04740328,0.02197326
0.00000000,0.99588437,0.00056138,0.00018822,0.00373358,-0.02753436,-0.07848895,0.03226250
0.00000000,0.99639125,-0.00012457,-0.00017034,-0.00109515,-0.02309091,-0.06288460,-0.04144163
0.00000000,0.99651040,-0.00053722,0.00113280,-0.00101343,-0.00869860,-0.04002827,-0.04374768
0.00000000,0.99697280,0.00024314,0.00167737,0.00386480,-0.00196251,-0.06225746,-0.13095115
-0.00000000,0.99732698,0.00033943,0.00218046,0.00486851,-0.01535349,-0.08576538,0.02739190
-0.00000000,0.99725276,0.00133314,0.00335270,0.00198216,-0.02141159,-0.10064320,0.04018108
0.00000000,0.99746294,0.00118941,0.00129984,-0.00031356,-0.01741460,-0.07624706,0.09542167
0.00000000,0.99759930,0.00077827,-0.00017641,0.00047277,-0.01785981,-0.06012193,0.02227724
-0.00000000,0.99734434,0.00012624,0.00124949,0.00080092,-0.02279404,-0.07510673,0.05645251
-0.00000000,0.99768491,-0.00002739,0.00217343,-0.00245240,-0.02484600,-0.07993979,0.02237793
0.00000000,0.99779711,0.00021453,0.00206514,0.00124308,-0.03013716,-0.05866357,-0.02548920
-0.00000000,0.99815023,0.00042969,0.00106449,0.00164557,-0.03858730,-0.05153833,0.09001276
0.00000000,0.99804700,0.00060752,-0.00121660,-0.00133965,-0.02224687,-0.05820240,0.04040981
0.00000000,0.99847756,0.00000316,0.00027663,-0.00115940,-0.02164180,-0.10697278,0.10951773
-0.00000000,0.99827738,0.00035987,0.00258707,-0.00065513,-0.02791560,-0.08171795,0.10047466
-0.00000000,0.99794544,0.00040612,0.00238018,-0.00183017,-0.02085947,-0.06220240,0.06278724
0.00000000,0.99819793,-0.00021516,0.00251908,0.00475486,-0.00844017,-0.11180933,0.05303026
-0.00000000,0.99826737,0.00004146,0.00312091,0.00125341,-0.01011961,-0.10430061,-0.00638436
0.00000000,0.99835164,-0.00074188,0.00217490,0.00181492,-0.00222380,-0.10255339,-0.02725616
-0.00000000,0.99833446,-0.00139018,0.00049256,-0.00009577,0.00045578,-0.09091074,-0.02629300
-0.00000000,0.99845482,-0.00128743,0.00131360,0.00085212,-0.00033219,-0.08244178,-0.05979118
-0.00000000,0.99861661,-0.00096211,-0.00033578,0.00751410,0.01226302,-0.09424151,-0.03282630
0.00000000,0.99851657,-0.00148675,0.00113455,0.00386933,0.01343922,-0.10971857,0.03044983
0.00000000,0.99831370,-0.00271548,0.00066772,-0.00235951,0.02186706,-0.09246380,0.11148617
0.00000000,0.99836579,-0.00351735,0.00110409,0.00181239,0.02777413,-0.10390360,0.22072195
0.00000000,0.99870232,-0.00429519,0.00126311,0.00075249,0.03147114,-0.09561471,0.08207868
-0.00000000,0.99869365,-0.00374973,0.00173022,-0.00141161,0.02674089,-0.13778955,0.16728293
0.00000000,0.99854103,-0.00294780,-0.00078834,0.00039341,0.01357219,-0.13091601,0.25874846
-0.00000000,0.99863659,-0.00381726,-0.00269471,0.00046881,0.01629542,-0.11515207,0.10379991
0.00000000,0.99894444,-0.00383256,-0.00175608,0.00741069,0.02254348,-0.15998444,0.07239650
0.00000000,0.99961276,-0.00437683,-0.00125390,0.00780545,0.02912962,-0.16398320,0.01176270
-0.00000000,0.99988620,-0.00493300,-0.00231661,0.00621263,0.02446882,-0.19695996,0.02927683
0.00000000,1.00036539,-0.00532207,-0.00257020,0.00480720,0.02743067,-0.17287108,-0.00383336
-0.00000000,1.00031294,-0.00488572,-0.00393022,0.00364565,0.01222058,-0.14529650,0.02527338
-0.00000000,1.00064091,-0.00434640,-0.00207870,0.00131237,0.01222452,-0.11373712,0.02837389
-0.00000000,1.00074309,-0.00458643,-0.00398916,0.00045603,0.01464809,-0.08055725,-0.02491747
-0.00000000,1.00103683,-0.00415227,-0.00558973,0.00340188,0.00972768,-0.04398864,-0.06964309
0.00000000,1.00090426,-0.00450301,-0.00510240,0.00657536,0.01990277,-0.02910653,-0.05312611
0.00000000,1.00100123,-0.00449516,-0.00444048,0.00521632,0.01666327,-0.08729268,-0.04941210
0.00000000,1.00093250,-0.00455806,-0.00465138,0.00730766,0.02158951,-0.10453499,0.02320672
0.00000000,1.00128330,-0.00385216,-0.00586588,0.01200736,0.02582318,-0.10251457,-0.05579279
-0.00000000,1.00141342,-0.00468836,-0.00344421,0.00809649,0.02944789,-0.08783935,-0.13496286
0.00000000,1.00177117,-0.00421078,-0.00468671,0.00810946,0.03778463,-0.07650195,-0.03951717
0.00000000,1.00130158,-0.00399948,-0.00572260,0.01341046,0.03711794,-0.06830974,-0.08452092
0.00000000,1.00144461,-0.00358439,-0.00480226,0.01470926,0.01657927,-0.06777763,-0.13981725
0.00000000,1.00154085,-0.00313936,-0.00397494,0.00759986,0.02311802,-0.05030539,-0.17626311
0.00000000,1.00164596,-0.00335388,-0.00630084,0.01027907,0.01706395,-0.06145397,-0.09604709
0.00000000,1.00155503,-0.00326637,-0.00471676,0.01028490,0.02625404,0.01904841,-0.00459659
-0.00000000,1.00181026,-0.00376932,-0.00586140,0.01113080,0.03053615,-0.02518545,-0.05023226
-0.00000000,1.00196199,-0.00390734,-0.00567295,0.00739852,0.03227413,-0.01115742,-0.02727731
0.00000000,1.00235047,-0.00492831,-0.00421889,0.01295156,0.02529982,-0.01206196,0.01444936
-0.00000000,1.00268199,-0.00499897,-0.00262005,0.00992051,0.02704258,-0.02663101,-0.01023211
-0.00000000,1.00267386,-0.00476002,-0.00479916,0.00591662,0.04727351,-0.01854969,-0.06241801
0.00000000,1.00294559,-0.00462903,-0.00702350,0.00796028,0.04558426,-0.02619320,-0.13728104
-0.00000000,1.00301885,-0.00449060,-0.00706116,0.01309539,0.05519456,-0.02637752,-0.10405195
0.00000000,1.00286876,-0.00374437,-0.00782443,0.01054440,0.05256425,-0.04153390,-0.18406985
0.00000000,1.00247208,-0.00334619,-0.00810487,0.01088229,0.04777996,-0.03456831,-0.18350502
0.00000000,1.00237802,-0.00304386,-0.00820134,0.00443362,0.03683719,-0.05130033,-0.13356367
0.00000000,1.00244194,-0.00325733,-0.00927446,0.00073516,0.03828097,-0.07063181,-0.13941708
0.00000000,1.00231852,-0.00350393,-0.01025043,-0.00101727,0.04183627,-0.07635543,-0.22684770
0.00000000,1.00247615,-0.00345463,-0.00928194,-0.00015464,0.03933661,-0.08826196,-0.17772778
0.00000000,1.00246750,-0.00292095,-0.00923574,0.00551517,0.03584194,-0.07176967,-0.20937161
0.00000000,1.00235544,-0.00338044,-0.00683679,0.00296331,0.03283733,-0.12068891,-0.29726796
0.00000000,1.00285526,-0.00321387,-0.00675743,0.00319550,0.02981536,-0.10567576,-0.26859684
0.00000000,1.00331815,-0.00301691,-0.00426713,0.00120298,0.02756516,-0.09882467,-0.27444652
-0.00000000,1.00297455,-0.00350291,-0.00320489,-0.00141261,0.03164180,-0.05352214,-0.17206635
-0.00000000,1.00285440,-0.00485368,-0.00360058,0.00045535,0.03249114,-0.06442265,-0.04334080
-0.00000000,1.00292488,-0.00510559,-0.00446141,0.00332277,0.02550266,-0.04799401,0.07221509
0.00000000,1.00317168,-0.00561618,-0.00311248,0.00468009,0.04247652,-0.05045026,0.17080522
0.00000000,1.00321072,-0.00592415,-0.00603258,0.00612158,0.06245735,-0.08953198,0.16797392
0.00000000,1.00315196,-0.00599969,-0.00648129,0.00670942,0.04593661,-0.04054018,0.09172537
0.00000000,1.00271676,-0.00659171,-0.00669143,0.00501603,0.04505161,-0.07464337,-0.05502646
0.00000000,1.00285237,-0.00661193,-0.00719599,0.00587303,0.04464703,-0.08949015,-0.00223746
-0.00000000,1.00283344,-0.00712902,-0.00915840,0.00658428,0.05624485,-0.07201699,-0.02186790
-0.00000000,1.00339093,-0.00742801,-0.01036108,0.00481950,0.05353466,-0.06506729,-0.06668361
-0.00000000,1.00323108,-0.00730665,-0.01067671,0.00501767,0.04588675,-0.08884025,-0.18682173
0.00000000,1.00326858,-0.00823415,-0.01130669,0.00484868,0.03949461,-0.08307359,-0.19444647
0.00000000,1.00322196,-0.00862867,-0.01005195,0.00455688,0.03618882,-0.06603540,-0.15482119
-0.00000000,1.00361956,-0.00837022,-0.01148968,0.00145036,0.02419607,-0.02935794,-0.17724090
-0.00000000,1.00398945,-0.00779020,-0.01240725,0.00050886,0.00926092,-0.01030822,-0.13834212
-0.00000000,1.00390845,-0.00798718,-0.01298140,0.00562910,0.01189094,-0.01783779,-0.18019759
-0.00000000,1.00369891,-0.00808962,-0.01299645,0.00419939,0.01546738,0.02893223,-0.20051875
0.00000000,1.00414241,-0.00786253,-0.01278970,0.00529468,0.01156202,0.01098646,-0.19444082
-0.00000000,1.00410471,-0.00824026,-0.01354291,0.00419045,0.01252722,0.01828925,-0.25100402
-0.00000000,1.00456357,-0.00820910,-0.01367880,0.00398026,0.01203861,-0.01763881,-0.33721378
0.00000000,1.00433992,-0.00823727,-0.01420497,-0.00029368,0.00553065,0.00893202,-0.33342994
0.00000000,1.00478713,-0.00812382,-0.01514582,-0.00295849,-0.01168876,0.01075049,-0.30963780
-0.00000000,1.00540516,-0.00852235,-0.01508549,-0.00796403,-0.01107854,0.04494850,-0.29718350
0.00000000,1.00539614,-0.00833433,-0.01572899,-0.00555250,0.00266958,0.03462176,-0.33639954
-0.00000000,1.00546964,-0.00786826,-0.01538679,-0.00878219,0.00524809,0.00236756,-0.27886304
-0.00000000,1.00552166,-0.00802924,-0.01668333,-0.00799736,0.00311552,-0.01452442,-0.18252631
0.00000000,1.00550182,-0.00774539,-0.01720032,-0.00751164,-0.00200317,-0.00613490,-0.19543396
-0.00000000,1.00556511,-0.00691279,-0.01622557,-0.00592212,0.00862987,-0.01777794,-0.19245305
-0.00000000,1.00550728,-0.00733646,-0.01712176,-0.00694796,0.00948730,-0.01948589,-0.18676950
0.00000000,1.00554801,-0.00731958,-0.01800750,-0.00696225,0.01200644,-0.01160260,-0.19939718
-0.00000000,1.00562188,-0.00801696,-0.01787134,-0.00722021,0.01547350,-0.00010717,-0.10888970
-0.00000000,1.00612930,-0.00766429,-0.01931845,-0.00765379,0.01808372,0.00697842,-0.19122137
0.00000000,1.00622362,-0.00758412,-0.01876690,-0.00493988,0.01331378,-0.01798699,-0.14840617
-0.00000000,1.00621611,-0.00712292,-0.01911700,-0.00649342,0.02299097,-0.02915479,-0.20680960
-0.00000000,1.00623927,-0.00708405,-0.02140359,-0.00474243,0.01964988,-0.03201261,-0.20751709
-0.00000000,1.00653302,-0.00710850,-0.01969532,-0.00569728,0.02019709,-0.03198278,-0.26686962
-0.00000000,1.00688131,-0.00760971,-0.01902118,-0.00549921,0.02435164,-0.04845066,-0.23937497
0.00000000,1.00674187,-0.00747455,-0.01818749,-0.00610038,0.01830741,-0.03483293,-0.24414623
0.00000000,1.00704659,-0.00754548,-0.01863759,-0.00683442,0.02369808,-0.01706682,-0.16387965
-0.00000000,1.00750118,-0.00799141,-0.01923345,-0.00318032,0.01535960,-0.02985208,-0.20187497
-0.00000000,1.00737098,-0.00829891,-0.01880703,-0.00180454,0.01702637,-0.03723899,-0.15857055
-0.00000000,1.00744854,-0.00818790,-0.02019483,-0.00034236,0.01557591,-0.02867076,-0.15051080
0.00000000,1.00762839,-0.00844000,-0.02279394,0.00016830,0.00813517,-0.04408559,-0.13127481
0.00000000,1.00782632,-0.00888546,-0.02129164,-0.00039066,0.01676403,-0.04736163,-0.19841336
0.00000000,1.00796340,-0.00786491,-0.02098673,0.00144047,0.01813114,-0.05475984,-0.14491121
0.00000000,1.00789446,-0.00696453,-0.02111968,-0.00088157,0.01598623,-0.03861038,-0.12306658
-0.00000000,1.00770949,-0.00711941,-0.02217069,0.00123575,0.01434388,-0.03573210,-0.13549818
0.00000000,1.00815817,-0.00660250,-0.02281748,0.00138264,0.03018177,-0.06111804,-0.07910009
-0.00000000,1.00793914,-0.00648826,-0.02256630,-0.00285881,0.03815983,-0.04663737,-0.06518201
0.00000000,1.00807472,-0.00610911,-0.02236223,-0.00252586,0.03100355,-0.02900338,-0.13723428
0.00000000,1.00810522,-0.00689544,-0.02392064,-0.00443693,0.03591619,-0.02030434,-0.09228502
0.00000000,1.00810537,-0.00790215,-0.02499305,-0.00341285,0.03834290,-0.03507696,-0.03097452
0.00000000,1.00814687,-0.00834734,-0.02653499,-0.00267743,0.04277988,-0.03039851,0.10708366
-0.00000000,1.00804591,-0.00848287,-0.02679704,-0.00077806,0.02981350,-0.03289703,0.12279794
-0.00000000,1.00859954,-0.00875478,-0.02771604,-0.00278734,0.03648054,-0.05328308,0.13923291
-0.00000000,1.00844453,-0.00890575,-0.02820749,-0.00569156,0.02500334,-0.09110558,0.21564978
0.00000000,1.00853748,-0.00943881,-0.02888114,-0.00578155,0.01686532,-0.06236647,0.17819162
-0.00000000,1.00851393,-0.00922839,-0.02898994,-0.00652121,0.01612336,-0.08711154,0.23994600
0.00000000,1.00863273,-0.00895133,-0.03001182,-0.00257029,0.01986407,-0.07001932,0.14013501
-0.00000000,1.00840302,-0.00820687,-0.03159086,-0.00164039,0.01851185,-0.09565104,0.14595447
0.00000000,1.00832740,-0.00800072,-0.03109440,-0.00241650,0.02244896,-0.09278244,0.15526743
0.00000000,1.00851725,-0.00782657,-0.03405206,-0.00388776,0.03224876,-0.05740926,0.05903822
0.00000000,1.00857215,-0.00733545,-0.03436572,-0.00374910,0.02713010,-0.02560580,0.02834357
0.00000000,1.00854313,-0.00696492,-0.03498473,-0.00595666,0.02688866,-0.01902644,-0.00528906
0.00000000,1.00890639,-0.00620504,-0.03580681,-0.00713625,0.02089955,0.00254553,0.04273844
-0.00000000,1.00881048,-0.00570527,-0.03579447,-0.00641490,0.01255591,0.04568584,0.06251900
0.00000000,1.00924842,-0.00646218,-0.03687725,-0.00411247,0.01252064,0.01341222,0.01397775
0.00000000,1.00918316,-0.00640496,-0.03825611,-0.00273278,0.02437990,0.01186807,-0.00291506
-0.00000000,1.00919848,-0.00677554,-0.03822165,-0.00136951,0.02263246,0.02983454,-0.01951910
-0.00000000,1.00944514,-0.00598262,-0.04023078,-0.00208158,0.03011369,0.01203891,0.00780248
0.00000000,1.00970914,-0.00664483,-0.04066246,-0.00258030,0.02939160,0.02851311,-0.02396906
0.00000000,1.00973754,-0.00698530,-0.04329743,-0.00152511,0.03293442,0.02587659,-0.04361546
0.00000000,1.00996407,-0.00732382,-0.04524596,0.00192750,0.03145710,0.01546340,-0.05596158
-0.00000000,1.00971735,-0.00708484,-0.04804597,-0.00000119,0.02769545,0.02759968,-0.04859306
0.00000000,1.00997782,-0.00734274,-0.04936531,0.00164791,0.04061576,0.04718648,-0.03651759
-0.00000000,1.01012569,-0.00730744,-0.05016785,0.00138932,0.04097580,0.06708777,-0.03007730
-0.00000000,1.01036758,-0.00689430,-0.05022193,0.00134369,0.05358557,0.07251259,-0.05950431
0.00000000,1.01043334,-0.00644455,-0.04962693,0.00167360,0.04595038,0.08165480,-0.05676872
-0.00000000,1.01047259,-0.00617854,-0.05105529,-0.00344321,0.04077828,0.10333301,-0.07089208
-0.00000000,1.01081393,-0.00628720,-0.05220373,-0.00060512,0.03880215,0.10739760,-0.08820590
-0.00000000,1.01089228,-0.00580342,-0.05357408,0.00014769,0.04313635,0.09365207,-0.10824532
-0.00000000,1.01124205,-0.00608787,-0.05499974,-0.00056995,0.03807442,0.08855494,-0.07771935
0.00000000,1.01157664,-0.00513148,-0.05485050,0.00141657,0.04156299,0.07843561,-0.12954543
0.00000000,1.01158411,-0.00439439,-0.05577347,0.00327665,0.04081885,0.07311801,-0.13246774
0.00000000,1.01157615,-0.00455238,-0.05680251,0.00661097,0.03693322,0.05853816,-0.10796807
0.00000000,1.01160949,-0.00350515,-0.05721469,0.00191702,0.03508124,0.03352622,-0.11591404
-0.00000000,1.01188156,-0.00366971,-0.06076043,0.00346651,0.04817275,0.03288495,-0.14674435
0.00000000,1.01193031,-0.00385101,-0.06036094,0.00320328,0.06245251,0.02994274,-0.21988232
0.00000000,1.01199871,-0.00341055,-0.06043399,0.00635730,0.06639952,0.00647020,-0.28506882
0.00000000,1.01220968,-0.00280850,-0.06108138,0.01002589,0.07217759,0.00222126,-0.29793946
-0.00000000,1.01245664,-0.00326277,-0.06183511,0.00663908,0.07254928,0.00320265,-0.35252155
-0.00000000,1.01264646,-0.00253220,-0.06330635,0.00849204,0.08150845,0.00627659,-0.30024552
0.00000000,1.01286145,-0.00222484,-0.06412288,0.01010068,0.09252856,0.00579566,-0.34127656
-0.00000000,1.01286218,-0.00215592,-0.06521734,0.01102799,0.09964886,-0.01454369,-0.37874984
-0.00000000,1.01267470,-0.00286793,-0.06610636,0.01251814,0.10531684,0.01765427,-0.35671958
0.00000000,1.01264529,-0.00346531,-0.06749991,0.01423147,0.11349910,0.00692684,-0.41199945
-0.00000000,1.01232072,-0.00357677,-0.06796160,0.01638607,0.11474617,0.00660194,-0.41229588
0.00000000,1.01207313,-0.00351612,-0.06811423,0.01712912,0.11615927,0.00679355,-0.34821561
0.00000000,1.01183916,-0.00315780,-0.07014709,0.01663933,0.10746141,0.01891692,-0.29961219
0.00000000,1.01214069,-0.00285032,-0.07058969,0.01752957,0.11106373,0.03374326,-0.30378405
0.00000000,1.01241952,-0.00278453,-0.07265324,0.01686028,0.11093030,0.05525207,-0.29287015
-0.00000000,1.01211287,-0.00263435,-0.07447033,0.01638186,0.11610630,0.05230666,-0.36915362
0.00000000,1.01236758,-0.00254690,-0.07617849,0.01141519,0.12669194,0.05717163,-0.44208555
0.00000000,1.01240279,-0.00255397,-0.07800231,0.00994658,0.12268948,0.06113696,-0.43333565
0.00000000,1.01264930,-0.00232744,-0.08041560,0.01108231,0.12794108,0.07760036,-0.40513146
-0.00000000,1.01230289,-0.00234335,-0.08171064,0.01203012,0.13323443,0.08320127,-0.45255121
0.00000000,1.01230115,-0.00283500,-0.08391717,0.01557851,0.12805089,0.06576528,-0.39621694
-0.00000000,1.01211010,-0.00343396,-0.08544691,0.01469496,0.13137508,0.04702304,-0.38889200
0.00000000,1.01238915,-0.00351429,-0.08707283,0.01502401,0.13515808,0.08099160,-0.34106374
0.00000000,1.01268456,-0.00326757,-0.08939634,0.01549291,0.13740287,0.07505323,-0.30071657
-0.00000000,1.01283411,-0.00279110,-0.08900629,0.01221974,0.14811002,0.08629453,-0.37606936
0.00000000,1.01299607,-0.00225132,-0.09089071,0.01267548,0.15279560,0.09235685,-0.35967601
-0.00000000,1.01317976,-0.00192967,-0.09451449,0.01246360,0.15824708,0.08984368,-0.49552704
-0.00000000,1.01295665,-0.00192928,-0.09600987,0.01034884,0.16652661,0.07381891,-0.56517960
-0.00000000,1.01309890,-0.00202865,-0.09724926,0.00692336,0.16333135,0.06085137,-0.57151413
-0.00000000,1.01325247,-0.00228723,-0.09701509,0.00475984,0.15572097,0.05866429,-0.54625818
0.00000000,1.01325662,-0.00212352,-0.09829226,0.00582392,0.15550215,0.06013097,-0.51044440
-0.00000000,1.01370508,-0.00244351,-0.10055198,0.00455055,0.16364696,0.08272192,-0.55696169
-0.00000000,1.01373558,-0.00190933,-0.10174913,0.00110080,0.16990573,0.09477346,-0.59975165
-0.00000000,1.01375338,-0.00182138,-0.10317668,0.00659309,0.17423509,0.08113296,-0.57378568
0.00000000,1.01413011,-0.00167465,-0.10494805,0.00621960,0.18764557,0.08667458,-0.62151208
0.00000000,1.01410127,-0.00177359,-0.10743230,0.00723824,0.18323322,0.06709177,-0.62196965
-0.00000000,1.01434987,-0.00153427,-0.10974242,0.00732568,0.19177304,0.07857656,-0.56153870
-0.00000000,1.01466636,-0.00185457,-0.11000256,0.01295245,0.18778305,0.07755838,-0.51996189
-0.00000000,1.01470773,-0.00186440,-0.11274123,0.01354950,0.19606822,0.07619914,-0.61455208
-0.00000000,1.01465738,-0.00224365,-0.11444720,0.01435068,0.21051424,0.08916654,-0.71660855
0.00000000,1.01493433,-0.00186055,-0.11540771,0.01361983,0.21555507,0.08448818,-0.76263279
-0.00000000,1.01504919,-0.00247841,-0.11749926,0.01229572,0.22263228,0.07535422,-0.80299610
-0.00000000,1.01521478,-0.00236476,-0.12056135,0.01465216,0.22849433,0.06446674,-0.78708094
-0.00000000,1.01522588,-0.00189861,-0.12195487,0.01194406,0.23519744,0.07018103,-0.83631866
0.00000000,1.01505660,-0.00206545,-0.12428096,0.01668361,0.24613807,0.05027677,-0.85567568
0.00000000,1.01517429,-0.00275283,-0.12618164,0.01372179,0.24141356,0.04765167,-0.83949967
0.00000000,1.01529964,-0.00374199,-0.12901553,0.01370011,0.25189739,0.03112774,-0.93721148
-0.00000000,1.01540601,-0.00433923,-0.13088553,0.01502949,0.25759270,0.04207175,-0.98766856
0.00000000,1.01539781,-0.00389332,-0.13233512,0.01447222,0.26485785,0.03928545,-1.01436017
-0.00000000,1.01549999,-0.00364990,-0.13487402,0.01453476,0.27152119,0.03227460,-1.05246670
-0.00000000,1.01593725,-0.00384624,-0.13854443,0.01238908,0.28103738,0.04451540,-1.10668031
-0.00000000,1.01605868,-0.00397544,-0.13921450,0.01214192,0.29167375,0.08100720,-1.09441383
0.00000000,1.01587470,-0.00387523,-0.14085787,0.01104987,0.29306829,0.10597152,-1.10618583
0.00000000,1.01595730,-0.00390290,-0.14199871,0.01165343,0.29620420,0.08175970,-1.06988940
-0.00000000,1.01578915,-0.00427132,-0.14445890,0.01111631,0.30916428,0.07593732,-1.07204164
0.00000000,1.01584861,-0.00389609,-0.14595147,0.01268391,0.31378407,0.06029586,-1.13473226
-0.00000000,1.01619853,-0.00432152,-0.14756096,0.01551059,0.31471934,0.05250119,-1.11563719
-0.00000000,1.01626154,-0.00452394,-0.14964203,0.01719273,0.31541288,0.01305518,-1.21514364
-0.00000000,1.01653986,-0.00440669,-0.15265944,0.01788344,0.32272911,-0.00471341,-1.29551797
-0.00000000,1.01684049,-0.00528450,-0.15437140,0.02094702,0.32926691,0.00728795,-1.32941682
-0.00000000,1.01711854,-0.00468427,-0.15606478,0.01947352,0.33449838,0.01132752,-1.43129503
-0.00000000,1.01730585,-0.00394046,-0.15779109,0.01740679,0.34234911,-0.00397130,-1.50773289
0.00000000,1.01735083,-0.00377663,-0.16020353,0.01746220,0.35086646,-0.00587260,-1.61236214
-0.00000000,1.01743039,-0.00364551,-0.16282088,0.01761367,0.36418395,0.00432480,-1.70484332
0.00000000,1.01747729,-0.00376856,-0.16589107,0.01911993,0.37319777,-0.00964606,-1.79453866
-0.00000000,1.01728784,-0.00396680,-0.16813336,0.01965955,0.38159130,-0.02057437,-1.84774492
0.00000000,1.01716979,-0.00425891,-0.16988141,0.01785402,0.39569808,-0.00571737,-1.89761519
0.00000000,1.01713681,-0.00427091,-0.17260166,0.02158052,0.40577278,-0.00396380,-1.99507959
-0.00000000,1.01734793,-0.00445768,-0.17571137,0.02037574,0.41581175,0.01442306,-2.01426024
0.00000000,1.01750618,-0.00490582,-0.17665718,0.01925563,0.41375973,0.01007300,-2.03918248
-0.00000000,1.01768440,-0.00481103,-0.17864629,0.01794270,0.41914685,0.03308199,-2.03024115
0.00000000,1.01820078,-0.00458354,-0.18084775,0.02013630,0.42501760,0.02332359,-2.10937300
-0.00000000,1.01841380,-0.00485545,-0.18384003,0.01921963,0.43635914,0.03709083,-2.12939834
0.00000000,1.01843820,-0.00449455,-0.18395575,0.01639122,0.43811669,0.04397450,-2.20153399
0.00000000,1.01826472,-0.00469693,-0.18662714,0.01416055,0.44767362,0.04745082,-2.29469626
0.00000000,1.01817106,-0.00427453,-0.18855407,0.01195993,0.45052513,0.05287210,-2.31390004
-0.00000000,1.01816356,-0.00463007,-0.19003259,0.01438304,0.46127740,0.04955676,-2.38168491
0.00000000,1.01826152,-0.00496836,-0.19208247,0.01482075,0.46383452,0.06384396,-2.36459236
-0.00000000,1.01817546,-0.00484956,-0.19524040,0.01250702,0.46562956,0.07523573,-2.38678941
-0.00000000,1.01807022,-0.00515470,-0.19766780,0.01368352,0.48614803,0.06614366,-2.52455649
-0.00000000,1.01817848,-0.00491957,-0.20026196,0.01441448,0.49658076,0.05886464,-2.59170798
0.00000000,1.01828549,-0.00476296,-0.20247757,0.01348278,0.50409667,0.05738098,-2.64758657
-0.00000000,1.01838810,-0.00523607,-0.20648526,0.01189318,0.51689144,0.04978895,-2.78954743
0.00000000,1.01869336,-0.00545414,-0.20985657,0.01295154,0.52977187,0.04691044,-2.84170130
0.00000000,1.01881769,-0.00521968,-0.21095233,0.01572551,0.54078037,0.03675630,-2.93118149
-0.00000000,1.01909963,-0.00531992,-0.21256876,0.01476270,0.54892139,0.04012709,-2.99615680
0.00000000,1.01910096,-0.00510565,-0.21533623,0.01561289,0.55815719,0.02826636,-3.05808966
0.00000000,1.01905597,-0.00518209,-0.21733973,0.01768968,0.56706767,0.01252335,-3.16249447
-0.00000000,1.01914392,-0.00517095,-0.21952905,0.01828247,0.57458970,0.00899239,-3.21099996
0.00000000,1.01939007,-0.00547050,-0.22200819,0.01690421,0.58872394,0.00992235,-3.32295211
-0.00000000,1.01948271,-0.00547683,-0.22511069,0.01644242,0.60017132,0.00663448,-3.43919496
0.00000000,1.01968787,-0.00567792,-0.22871768,0.01429007,0.61250633,-0.00178994,-3.54107835
-0.00000000,1.01991996,-0.00599235,-0.23117704,0.01499066,0.63002551,-0.00751873,-3.65117135
-0.00000000,1.01994414,-0.00576703,-0.23342358,0.01241163,0.64051497,-0.00885753,-3.73458370
0.00000000,1.02010365,-0.00664387,-0.23555158,0.01311271,0.65498818,-0.00524211,-3.84029944
0.00000000,1.02019829,-0.00623383,-0.23780021,0.01325980,0.65632969,-0.00028194,-3.85992914
-0.00000000,1.02016991,-0.00653353,-0.23981023,0.01280333,0.66368040,-0.00052362,-3.93799977
-0.00000000,1.02040851,-0.00696130,-0.24291348,0.01575888,0.67474691,-0.03186136,-4.03052315
0.00000000,1.02053307,-0.00644863,-0.24472832,0.01503138,0.68924108,-0.04337037,-4.17852350
-0.00000000,1.02070455,-0.00643759,-0.24860521,0.01334090,0.70371048,-0.01595970,-4.31151353
0.00000000,1.02102682,-0.00619445,-0.25057032,0.01240884,0.71355573,-0.02089054,-4.39814761
0.00000000,1.02093678,-0.00625771,-0.25449872,0.01103206,0.73159051,-0.01604806,-4.54916071
0.00000000,1.02158254,-0.00568582,-0.25708077,0.01081700,0.74677979,-0.01288827,-4.65580462
-0.00000000,1.02170826,-0.00536059,-0.26070263,0.00779623,0.76553180,0.01004768,-4.77341531
0.00000000,1.02194727,-0.00492566,-0.26367412,0.00845696,0.78007505,0.00296448,-4.86553506
0.00000000,1.02198718,-0.00452326,-0.26528429,0.00545073,0.79062245,0.01402932,-4.93553100
-0.00000000,1.02202590,-0.00464032,-0.26887604,0.00552222,0.80225448,0.01966099,-5.03648442
0.00000000,1.02237792,-0.00480215,-0.27178232,0.00828399,0.81440562,0.00529272,-5.13073897
0.00000000,1.02252410,-0.00448961,-0.27463705,0.00801595,0.82872081,-0.00346782,-5.27245758
-0.00000000,1.02278640,-0.00473105,-0.27764875,0.01055858,0.83841533,-0.01540480,-5.34264032
-0.00000000,1.02280731,-0.00472261,-0.28109706,0.01096909,0.85334863,-0.02446839,-5.47425598
0.00000000,1.02316860,-0.00420435,-0.28428165,0.01037064,0.86647316,-0.01963950,-5.59643171
0.00000000,1.02337189,-0.00425034,-0.28864427,0.01036374,0.88481241,-0.02199453,-5.74156064
-0.00000000,1.02374532,-0.00432012,-0.29302986,0.01073366,0.90002984,-0.02305708,-5.87834349
0.00000000,1.02389253,-0.00371279,-0.29595246,0.01011915,0.91610042,-0.02445324,-6.01131767
-0.00000000,1.02391322,-0.00422289,-0.29848916,0.01208101,0.93204314,-0.02504216,-6.16893819
0.00000000,1.02400707,-0.00389074,-0.30139066,0.01189477,0.94787797,-0.01108965,-6.28456523
0.00000000,1.02405236,-0.00410338,-0.30453320,0.01284519,0.96338152,-0.04236730,-6.38598316
0.00000000,1.02428701,-0.00406676,-0.30871991,0.01185916,0.97823016,-0.04796610,-6.53265739
0.00000000,1.02458316,-0.00448651,-0.31173995,0.01417050,0.99979947,-0.06657364,-6.68749725
0.00000000,1.02487464,-0.00440624,-0.31476011,0.01556100,1.02396395,-0.06611283,-6.86152845
0.00000000,1.02500263,-0.00399189,-0.31803094,0.01366636,1.03698014,-0.06633948,-6.98762300
0.00000000,1.02511216,-0.00434956,-0.32082175,0.01435214,1.05213710,-0.07023293,-7.12261187
0.00000000,1.02522153,-0.00399974,-0.32475601,0.01197645,1.07121018,-0.06475297,-7.30350335
0.00000000,1.02535020,-0.00392583,-0.32846370,0.01094259,1.08521660,-0.06362600,-7.48667754
-0.00000000,1.02543120,-0.00350041,-0.33264467,0.00983083,1.10194925,-0.06373087,-7.62043646
0.00000000,1.02559536,-0.00338069,-0.33645937,0.01163211,1.12163016,-0.06766657,-7.79721919
0.00000000,1.02584530,-0.00269851,-0.33955469,0.00842635,1.13132884,-0.04951531,-7.86640816
0.00000000,1.02584814,-0.00242126,-0.34290349,0.00769797,1.14308733,-0.04506625,-7.96491711
-0.00000000,1.02601208,-0.00234801,-0.34644807,0.00670640,1.16134975,-0.05570154,-8.11008500
-0.00000000,1.02604627,-0.00258578,-0.35061411,0.00954058,1.17853317,-0.07556389,-8.31971808
0.00000000,1.02617050,-0.00230762,-0.35471396,0.00766281,1.19678192,-0.07082505,-8.49568121
-0.00000000,1.02624771,-0.00232764,-0.35852446,0.01000985,1.21381774,-0.08658774,-8.68695287
0.00000000,1.02639512,-0.00212516,-0.36306002,0.00879618,1.22909058,-0.07974931,-8.83551221
-0.00000000,1.02678125,-0.00149199,-0.36668498,0.00931075,1.24515590,-0.07257511,-8.99890824
-0.00000000,1.02687470,-0.00173655,-0.37042402,0.01062964,1.26049514,-0.08391178,-9.17580818
-0.00000000,1.02668600,-0.00143183,-0.37425793,0.01006599,1.28056460,-0.07577687,-9.38562548
-0.00000000,1.02665264,-0.00108974,-0.37784645,0.01103998,1.29819697,-0.07362662,-9.55403070
0.00000000,1.02675074,-0.00078450,-0.38201799,0.00770160,1.31689160,-0.04940008,-9.77837559
-0.00000000,1.02705554,-0.00083282,-0.38611016,0.00582467,1.33718952,-0.04836254,-10.00686382
-0.00000000,1.02715968,-0.00111816,-0.38978367,0.00564608,1.35571084,-0.03913596,-10.17817286
-0.00000000,1.02722013,-0.00064523,-0.39369084,0.00414338,1.37732610,-0.02567369,-10.41342409
0.00000000,1.02759055,-0.00071413,-0.39746175,0.00502597,1.39787418,-0.03255180,-10.65481061
0.00000000,1.02757098,-0.00061753,-0.40051841,0.00514394,1.41593332,-0.02941628,-10.84333464
-0.00000000,1.02760980,-0.00029096,-0.40440449,0.00466071,1.43199094,-0.02367022,-10.98901458
0.00000000,1.02780373,-0.00076247,-0.40837084,0.00331674,1.45497760,-0.02088945,-11.22722511
0.00000000,1.02811390,-0.00080881,-0.41149382,0.00320314,1.47206955,-0.02695712,-11.39301016
-0.00000000,1.02804829,-0.00052340,-0.41449209,0.00099701,1.49019453,-0.00226296,-11.57354938
-0.00000000,1.02814115,-0.00012398,-0.41865583,0.00048780,1.51801442,0.00238383,-11.85915590
-0.00000000,1.02835861,-0.00018571,-0.42153764,-0.00136090,1.53900293,0.00898850,-12.07485626
0.00000000,1.02864310,-0.00013633,-0.42577667,-0.00091083,1.56656742,0.00874392,-12.33633117
0.00000000,1.02883286,-0.00072371,-0.43038929,0.00153117,1.58842074,-0.00116226,-12.58079143
-0.00000000,1.02892451,-0.00103642,-0.43309866,0.00046928,1.60473067,0.00376114,-12.77334902
0.00000000,1.02924269,-0.00116258,-0.43751763,0.00050686,1.63150305,-0.00329630,-13.06477278
0.00000000,1.02957510,-0.00115394,-0.44119635,0.00323645,1.65344201,-0.01429892,-13.31264998
0.00000000,1.02960664,-0.00105679,-0.44465029,0.00242505,1.67508201,-0.00844717,-13.53967340
-0.00000000,1.02957190,-0.00117074,-0.44837593,0.00138403,1.69544288,0.01017148,-13.75601512
-0.00000000,1.02979286,-0.00108725,-0.45275458,0.00003957,1.72004478,0.01211474,-14.02635313
0.00000000,1.02982795,-0.00109343,-0.45652772,-0.00110824,1.74694941,0.01242092,-14.29157258
0.00000000,1.03003938,-0.00066417,-0.46051473,-0.00251156,1.77430636,0.01944753,-14.57556892
0.00000000,1.03020971,-0.00065140,-0.46387722,-0.00227011,1.79484522,0.01425612,-14.79045615
-0.00000000,1.03029701,-0.00094184,-0.46745397,-0.00084708,1.81684958,0.00635678,-15.05378869
0.00000000,1.03036468,-0.00067411,-0.47174044,-0.00177465,1.84189060,0.01086631,-15.30903375
0.00000000,1.03029506,-0.00056365,-0.47580144,-0.00203087,1.86971840,0.02088900,-15.61665179
-0.00000000,1.03045142,-0.00052896,-0.47984491,-0.00233578,1.89630660,0.02224313,-15.90821991
-0.00000000,1.03082047,-0.00059351,-0.48415885,-0.00260000,1.92567800,0.01982952,-16.23319758
0.00000000,1.03098056,-0.00086818,-0.48811804,-0.00209365,1.94614650,0.00904436,-16.45257112
0.00000000,1.03110683,-0.00076962,-0.49215380,-0.00229069,1.96649972,0.00931199,-16.68578794
0.00000000,1.03116041,-0.00096611,-0.49591617,-0.00195788,1.98926118,0.02399060,-16.93143197
0.00000000,1.03128518,-0.00081178,-0.49996945,-0.00357879,2.01415717,0.03323398,-17.20829349
-0.00000000,1.03160021,-0.00049688,-0.50431280,-0.00419969,2.04226118,0.03401610,-17.50730494
-0.00000000,1.03154197,-0.00020437,-0.50918829,-0.00497206,2.07131926,0.03638988,-17.83915301
-0.00000000,1.03171414,-0.00037629,-0.51329606,-0.00377709,2.09770399,0.03056661,-18.13978024
0.00000000,1.03176944,-0.00102074,-0.51787503,-0.00177567,2.12699039,0.02086801,-18.47349095
0.00000000,1.03180219,-0.00098083,-0.52184290,-0.00308064,2.14752881,0.02148404,-18.72758004
0.00000000,1.03208530,-0.00102116,-0.52669487,-0.00220668,2.17620730,0.00893909,-19.04260911
0.00000000,1.03225423,-0.00077024,-0.53036622,-0.00161108,2.19775446,0.00312571,-19.29488276
0.00000000,1.03232142,-0.00102880,-0.53389719,-0.00189808,2.22365734,0.00222790,-19.60628861
0.00000000,1.03226917,-0.00053055,-0.53801012,-0.00417628,2.24954150,0.01565760,-19.93213047
-0.00000000,1.03236807,-0.00084639,-0.54186469,-0.00271237,2.27383863,-0.00413017,-20.20663823
0.00000000,1.03235902,-0.00068653,-0.54693118,-0.00203045,2.30548842,-0.00236603,-20.55504040
0.00000000,1.03238851,-0.00053399,-0.55115277,-0.00172742,2.33216643,-0.00110563,-20.87268659
0.00000000,1.03260005,-0.00070936,-0.55617495,-0.00113278,2.35751466,-0.01448033,-21.19896539
-0.00000000,1.03301438,-0.00054907,-0.56068308,-0.00171418,2.38515911,-0.01509056,-21.52794093
-0.00000000,1.03316323,-0.00007731,-0.56449837,-0.00285029,2.40882051,-0.00930115,-21.81909901
0.00000000,1.03319927,0.00021938,-0.56863024,-0.00245325,2.43746509,0.00027205,-22.15563382
-0.00000000,1.03319637,0.00024998,-0.57277948,-0.00219294,2.46576126,0.00689311,-22.48684330
-0.00000000,1.03326842,0.00046285,-0.57825741,-0.00221806,2.49996818,-0.00173927,-22.88688747
-0.00000000,1.03336161,0.00036886,-0.58215176,-0.00034434,2.52486895,-0.02219267,-23.18307146
0.00000000,1.03324220,0.00040426,-0.58608173,-0.00028930,2.55001598,-0.02519079,-23.49038213
-0.00000000,1.03332693,0.00054616,-0.59097374,-0.00096384,2.57903128,-0.02690481,-23.88411439
-0.00000000,1.03353474,0.00094076,-0.59597942,-0.00248128,2.61355844,-0.01257786,-24.31003235
-0.00000000,1.03379417,0.00084618,-0.60084230,-0.00337037,2.64787301,-0.00150477,-24.74147970
0.00000000,1.03418218,0.00066312,-0.60594322,-0.00384711,2.67956328,-0.00422634,-25.12400518
-0.00000000,1.03441275,0.00083883,-0.61073232,-0.00393963,2.70953628,0.00177847,-25.49622614
0.00000000,1.03458125,0.00064608,-0.61553764,-0.00307910,2.74067383,-0.01022832,-25.87946698
0.00000000,1.03474158,0.00045139,-0.62025150,-0.00279117,2.76906770,-0.01552392,-26.23448286
-0.00000000,1.03485150,0.00019820,-0.62481645,-0.00196502,2.80443110,-0.02196341,-26.65528983
0.00000000,1.03514782,0.00012595,-0.62920315,-0.00291607,2.83799319,-0.00971684,-27.08414104
-0.00000000,1.03528787,0.00015658,-0.63368603,-0.00534085,2.87031236,-0.00057896,-27.49308495
0.00000000,1.03550572,0.00010456,-0.63874386,-0.00491025,2.90480030,-0.00170003,-27.94533657
0.00000000,1.03580361,0.00011988,-0.64348330,-0.00293075,2.93369669,-0.01100602,-28.33543865
0.00000000,1.03589352,-0.00027374,-0.64704774,-0.00192256,2.95880970,-0.02592597,-28.66221538
-0.00000000,1.03618847,-0.00012330,-0.65207436,-0.00114253,2.99162697,-0.02805910,-29.08711411
-0.00000000,1.03632773,0.00033867,-0.65662858,-0.00288148,3.02190632,-0.01225799,-29.47971022
-0.00000000,1.03617229,0.00060062,-0.66027708,-0.00202182,3.04639924,-0.01011053,-29.79636115
-0.00000000,1.03657017,0.00055129,-0.66551516,-0.00183651,3.08226448,-0.00990775,-30.26598381
-0.00000000,1.03667094,0.00043832,-0.66991297,-0.00119749,3.11051429,-0.01473576,-30.63898981
0.00000000,1.03685454,0.00049786,-0.67480769,-0.00008265,3.14481477,-0.02144057,-31.07901990
0.00000000,1.03693369,0.00014539,-0.67952492,0.00134022,3.17934260,-0.04028118,-31.51710832
-0.00000000,1.03702582,0.00033907,-0.68400658,0.00128640,3.20975402,-0.03236303,-31.93658248
-0.00000000,1.03711775,0.00070956,-0.68821731,-0.00092533,3.24095022,-0.01497318,-32.37047427
-0.00000000,1.03722622,0.00061822,-0.69317711,-0.00063734,3.27668292,-0.01632363,-32.84482768
0.00000000,1.03746004,0.00065783,-0.69900222,-0.00059431,3.31630203,-0.01315159,-33.38554588
0.00000000,1.03769096,0.00070874,-0.70386200,-0.00083750,3.34986160,-0.00855771,-33.82892623
-0.00000000,1.03794363,0.00042360,-0.70817770,-0.00001344,3.38052984,-0.01575254,-34.24583815
-0.00000000,1.03793221,0.00018644,-0.71270963,-0.00098771,3.41535519,-0.01052001,-34.70145862
-0.00000000,1.03803999,0.00008342,-0.71767159,-0.00081322,3.44903533,-0.01561234,-35.15755433
-0.00000000,1.03817080,0.00027033,-0.72265596,-0.00129473,3.48673733,-0.01093027,-35.66332753
0.00000000,1.03816549,0.00028363,-0.72714248,-0.00277959,3.52026793,-0.00729180,-36.11923049
0.00000000,1.03849534,0.00065227,-0.73267313,-0.00449873,3.56323251,0.01281722,-36.69664939
-0.00000000,1.03859857,0.00066059,-0.73762925,-0.00248716,3.60050290,0.00023998,-37.20076704
0.00000000,1.03851013,0.00078960,-0.74233854,-0.00218900,3.63456627,-0.00140383,-37.67756104
-0.00000000,1.03873909,0.00104370,-0.74726190,-0.00377446,3.66817834,0.01239502,-38.15040668
-0.00000000,1.03875352,0.00118273,-0.75239359,-0.00479379,3.70423417,0.02589036,-38.64881746
0.00000000,1.03921144,0.00133629,-0.75766190,-0.00565229,3.74434764,0.02741380,-39.21725149
0.00000000,1.03953665,0.00120408,-0.76287401,-0.00587597,3.78498093,0.02974814,-39.78864874
-0.00000000,1.03962383,0.00123809,-0.76739584,-0.00590088,3.81959765,0.02896300,-40.27888037
-0.00000000,1.03992587,0.00124188,-0.77290898,-0.00450195,3.85967166,0.01655467,-40.85095446
0.00000000,1.04001962,0.00088881,-0.77859612,-0.00195427,3.90089650,-0.00809875,-41.43672936
0.00000000,1.04016896,0.00076086,-0.78368422,-0.00184304,3.93737211,-0.01312790,-41.96589266
-0.00000000,1.04023798,0.00077333,-0.78908558,-0.00188172,3.97590850,-0.01151289,-42.51784251
-0.00000000,1.04021781,0.00079621,-0.79372943,-0.00096360,4.01149533,-0.00971893,-43.02509540
0.00000000,1.04042992,0.00092543,-0.79853657,-0.00094069,4.04765807,-0.01088696,-43.54053971
0.00000000,1.04064465,0.00075055,-0.80353595,0.00000877,4.08499301,-0.01831679,-44.08239718
-0.00000000,1.04067167,0.00092267,-0.80819952,-0.00039219,4.11888796,-0.01048964,-44.58462105
0.00000000,1.04078881,0.00047197,-0.81284766,0.00056865,4.15566852,-0.02194445,-45.12363486
0.00000000,1.04098329,0.00055154,-0.81879302,0.00043064,4.20038298,-0.02177965,-45.77259995
-0.00000000,1.04121783,0.00063549,-0.82469379,0.00056398,4.24437009,-0.01796128,-46.41786121
0.00000000,1.04135526,0.00070215,-0.83009129,-0.00002691,4.28584621,-0.01134895,-47.02145672
0.00000000,1.04131341,0.00038984,-0.83477190,0.00011861,4.32096844,-0.01168142,-47.54726340
0.00000000,1.04125415,0.00024124,-0.83912636,-0.00048112,4.35571800,-0.00461149,-48.05670632
-0.00000000,1.04143261,0.00007470,-0.84421660,0.00089022,4.39585667,-0.01308962,-48.64080308
0.00000000,1.04153091,0.00020517,-0.84913060,0.00073926,4.43457913,-0.01528418,-49.20382137
0.00000000,1.04149394,0.00010583,-0.85397431,0.00158172,4.47396003,-0.02421325,-49.78318700
0.00000000,1.04143045,0.00043094,-0.85852131,-0.00092735,4.50963666,0.00031163,-50.31730610
0.00000000,1.04162843,0.00084318,-0.86371250,-0.00198867,4.54671321,0.01004250,-50.87811243
-0.00000000,1.04190095,0.00067888,-0.86929739,-0.00124204,4.59054212,0.00103191,-51.52463285
0.00000000,1.04222166,0.00066042,-0.87524574,-0.00139047,4.63783959,0.00386084,-52.23018362
0.00000000,1.04243733,0.00087030,-0.88047163,-0.00220020,4.68115427,0.00944501,-52.87340042
0.00000000,1.04255844,0.00077647,-0.88575577,-0.00204047,4.72129474,0.00740189,-53.48295167
-0.00000000,1.04245672,0.00101635,-0.89020322,-0.00213195,4.75740828,0.01144404,-54.02461665
-0.00000000,1.04251453,0.00118310,-0.89533117,-0.00277516,4.79542072,0.01860230,-54.59886918
-0.00000000,1.04255894,0.00136535,-0.90032393,-0.00353173,4.83312916,0.02536013,-55.18108396
0.00000000,1.04265622,0.00128724,-0.90509112,-0.00370121,4.87196237,0.02365257,-55.76416718
-0.00000000,1.04286417,0.00141869,-0.91084781,-0.00346975,4.91768294,0.02400781,-56.46558269
0.00000000,1.04296791,0.00093440,-0.91624249,-0.00123418,4.96085812,-0.00423878,-57.12119224
-0.00000000,1.04300589,0.00092344,-0.92131660,-0.00090039,5.00356852,-0.00848843,-57.77977283
0.00000000,1.04302488,0.00089701,-0.92614779,-0.00053835,5.03985304,-0.01315135,-58.34504452
0.00000000,1.04300663,0.00058132,-0.93147425,-0.00024410,5.08323088,-0.01862166,-59.00762146
0.00000000,1.04305726,0.00061375,-0.93675235,0.00020005,5.12665642,-0.02337824,-59.67455042
0.00000000,1.04315705,0.00081399,-0.94131691,-0.00041618,5.16691247,-0.01595070,-60.29238120
-0.00000000,1.04342798,0.00052887,-0.94674191,0.00006770,5.21321422,-0.02194341,-61.01216138
0.00000000,1.04361996,0.00010046,-0.95232425,0.00241639,5.26041527,-0.04534246,-61.74804838
-0.00000000,1.04383542,0.00002906,-0.95824605,0.00177334,5.30947252,-0.04073574,-62.52163698
0.00000000,1.04393720,0.00038525,-0.96364885,0.00047399,5.35435571,-0.02400305,-63.22388459
-0.00000000,1.04409613,0.00002850,-0.96893830,0.00202035,5.39701884,-0.03873711,-63.89296730
-0.00000000,1.04416577,-0.00019147,-0.97402288,0.00209188,5.43949217,-0.04365534,-64.55901195
-0.00000000,1.04415043,-0.00031198,-0.97919240,0.00159484,5.48240932,-0.03733622,-65.23856246
0.00000000,1.04432347,0.00011843,-0.98461143,0.00078465,5.52798934,-0.02380105,-65.96646133
0.00000000,1.04437367,-0.00011122,-0.98955543,0.00088655,5.56920834,-0.02681458,-66.62496618
-0.00000000,1.04447721,0.00004145,-0.99433617,0.00086315,5.61088813,-0.02264343,-67.28735265
-0.00000000,1.04461470,-0.00011330,-0.99955563,0.00173397,5.65532776,-0.03422262,-67.99505518
-0.00000000,1.04457866,0.00008232,-1.00432863,0.00094049,5.69412328,-0.02273379,-68.62648941
0.00000000,1.04467619,0.00002178,-1.00914692,0.00108185,5.73529584,-0.01979400,-69.28790889
-0.00000000,1.04470237,0.00006777,-1.01423693,0.00042770,5.77901390,-0.01359045,-69.99261235
0.00000000,1.04482163,-0.00002837,-1.01939707,0.00043028,5.82436088,-0.01531926,-70.72120730
-0.00000000,1.04485630,-0.00000623,-1.02413269,-0.00075246,5.86485041,-0.00427386,-71.38247241
-0.00000000,1.04496226,-0.00015045,-1.02915963,-0.00067430,5.90774342,-0.00469898,-72.07799439
-0.00000000,1.04525051,0.00009531,-1.03482507,-0.00136891,5.95580199,0.00356808,-72.85972838
0.00000000,1.04534931,-0.00008773,-1.04000484,-0.00118389,6.00083420,-0.00103638,-73.59459133
0.00000000,1.04549595,-0.00007575,-1.04516671,-0.00099574,6.04552788,-0.00233887,-74.32605675
-0.00000000,1.04559884,-0.00040300,-1.05027126,0.00114729,6.09072972,-0.02522132,-75.06295384
0.00000000,1.04584691,-0.00023737,-1.05563161,0.00052872,6.13801522,-0.01868751,-75.83617722
-0.00000000,1.04580537,0.00014785,-1.06056724,-0.00181649,6.18124583,0.00756320,-76.54729397
0.00000000,1.04572045,0.00047684,-1.06538873,-0.00333942,6.22389114,0.03007242,-77.25518408
0.00000000,1.04586041,0.00019705,-1.07102701,-0.00214385,6.27262026,0.01580848,-78.06007128
-0.00000000,1.04579021,0.00001630,-1.07549135,-0.00076681,6.31234530,-0.00107287,-78.71533210
-0.00000000,1.04591295,-0.00017133,-1.08114698,0.00013290,6.35954241,-0.00907795,-79.49757744
-0.00000000,1.04595560,0.00013457,-1.08609687,-0.00193264,6.40382048,0.01544029,-80.23110648
0.00000000,1.04599099,-0.00004701,-1.09128658,-0.00158037,6.44892075,0.01097492,-80.98374437
0.00000000,1.04609511,-0.00001567,-1.09657050,-0.00199463,6.49681101,0.01763041,-81.78307921
-0.00000000,1.04629514,-0.00007726,-1.10168451,-0.00175523,6.54276492,0.01743549,-82.55584550
0.00000000,1.04646783,-0.00016719,-1.10725118,-0.00105807,6.59193742,0.01021467,-83.38022983
-0.00000000,1.04663973,0.00009013,-1.11294415,-0.00269641,6.64154703,0.03231584,-84.21971286
-0.00000000,1.04647620,-0.00009288,-1.11758737,-0.00351481,6.68418033,0.03917934,-84.94088418
0.00000000,1.04651325,-0.00004098,-1.12278880,-0.00380439,6.73088685,0.04457491,-85.73208236
-0.00000000,1.04670122,0.00019778,-1.12798542,-0.00506995,6.77908026,0.05887087,-86.54832145
0.00000000,1.04675892,0.00037098,-1.13328141,-0.00572206,6.82742944,0.06652637,-87.37032043
-0.00000000,1.04678862,0.00039392,-1.13858728,-0.00594007,6.87448375,0.06859052,-88.17826767
-0.00000000,1.04686573,0.00009508,-1.14360320,-0.00471271,6.92018398,0.05656876,-88.96495110
0.00000000,1.04706309,-0.00025404,-1.14880992,-0.00342641,6.96793389,0.04145178,-89.78362907
-0.00000000,1.04728046,-0.00029655,-1.15408328,-0.00284647,7.01579220,0.03457756,-90.60745852
0.00000000,1.04735961,-0.00043783,-1.15918691,-0.00222522,7.06224845,0.02559276,-91.40520058
-0.00000000,1.04755947,-0.00061689,-1.16458942,-0.00162776,7.11088661,0.01661027,-92.24379549
-0.00000000,1.04769829,-0.00047830,-1.17010719,-0.00267084,7.16076266,0.03203705,-93.11278816
-0.00000000,1.04793325,-0.00025710,-1.17594956,-0.00336794,7.21321136,0.04109978,-94.02101730
0.00000000,1.04805874,-0.00010979,-1.18121791,-0.00392032,7.26176617,0.04945371,-94.87396530
0.00000000,1.04825667,0.00000477,-1.18676886,-0.00355964,7.31334199,0.04684909,-95.77686999
-0.00000000,1.04842738,-0.00000808,-1.19277247,-0.00336224,7.36909809,0.04417155,-96.75104094
0.00000000,1.04860717,0.00002186,-1.19798056,-0.00370883,7.41758897,0.04746972,-97.60156792
-0.00000000,1.04866157,0.00000545,-1.20312328,-0.00285267,7.46575929,0.03911025,-98.44318144
0.00000000,1.04872949,0.00023150,-1.20789854,-0.00420830,7.51135977,0.05412392,-99.24063576
0.00000000,1.04880081,0.00025964,-1.21307098,-0.00461319,7.55988588,0.06045943,-100.09762852
0.00000000,1.04891398,0.00027104,-1.21803842,-0.00502485,7.60674835,0.06419346,-100.92563990
0.00000000,1.04914625,-0.00000046,-1.22340946,-0.00345412,7.65593773,0.04459447,-101.80078574
-0.00000000,1.04935564,-0.00000842,-1.22875944,-0.00372929,7.70761389,0.04503540,-102.71479241
-0.00000000,1.04934396,0.00011088,-1.23382347,-0.00393490,7.75545830,0.04936722,-103.56947105
0.00000000,1.04932555,0.00017988,-1.23843638,-0.00471090,7.79940677,0.05768623,-104.35326386
0.00000000,1.04951534,0.00017519,-1.24323317,-0.00489067,7.84601370,0.06014864,-105.18607687
0.00000000,1.04966308,0.00020558,-1.24839387,-0.00546311,7.89487894,0.07043722,-106.06224780
0.00000000,1.04979090,0.00018239,-1.25348771,-0.00591957,7.94296873,0.07431040,-106.92434750
0.00000000,1.04991876,0.00012209,-1.25880367,-0.00534877,7.99311360,0.06658200,-107.82285124
-0.00000000,1.05006356,0.00027155,-1.26428884,-0.00630082,8.04465128,0.07750940,-108.74880641
0.00000000,1.05015740,-0.00004681,-1.26963756,-0.00511305,8.09622754,0.06115069,-109.67603279
-0.00000000,1.05034884,0.00006566,-1.27495196,-0.00581376,8.14674637,0.07027310,-110.59414210
0.00000000,1.05038334,0.00013477,-1.28026063,-0.00621141,8.19663020,0.07553894,-111.49762652
0.00000000,1.05065180,-0.00000590,-1.28571071,-0.00561531,8.24926991,0.06921119,-112.45604321
0.00000000,1.05078275,-0.00003276,-1.29108914,-0.00545554,8.30006766,0.06764888,-113.38252124
0.00000000,1.05076957,0.00020325,-1.29592868,-0.00663599,8.34723970,0.08305440,-114.24226371
0.00000000,1.05087596,0.00028535,-1.30100225,-0.00697990,8.39663483,0.08888454,-115.14502498
-0.00000000,1.05087252,0.00034475,-1.30588795,-0.00705898,8.44449322,0.09033610,-116.01901171
-0.00000000,1.05107570,0.00033722,-1.31123946,-0.00733921,8.49657438,0.09381413,-116.97771391
-0.00000000,1.05122318,0.00043591,-1.31660573,-0.00798168,8.54809334,0.10256500,-117.92312894
-0.00000000,1.05125664,0.00046274,-1.32192253,-0.00827548,8.59972733,0.10664148,-118.87321708
0.00000000,1.05122457,0.00038017,-1.32659911,-0.00726671,8.64622836,0.09349022,-119.72998747
0.00000000,1.05153758,0.00058282,-1.33223596,-0.00829980,8.70102371,0.10768593,-120.74297665
-0.00000000,1.05165831,0.00046052,-1.33732646,-0.00767047,8.75079689,0.09845655,-121.66582854
-0.00000000,1.05161658,0.00041056,-1.34236969,-0.00671656,8.79917239,0.08652681,-122.56302701
0.00000000,1.05165469,0.00018357,-1.34762696,-0.00524680,8.85072432,0.06649212,-123.51980500
-0.00000000,1.05163971,0.00019131,-1.35229497,-0.00493665,8.89635317,0.06377421,-124.37056506
0.00000000,1.05162346,0.00050703,-1.35745979,-0.00687097,8.94687031,0.09106966,-125.30892707
0.00000000,1.05168312,0.00060323,-1.36224855,-0.00724764,8.99551937,0.09775596,-126.21615407
-0.00000000,1.05168672,0.00066730,-1.36702718,-0.00732168,9.04377039,0.09995817,-127.11676792
-0.00000000,1.05172572,0.00066819,-1.37200591,-0.00702253,9.09348798,0.09608792,-128.04617869
-0.00000000,1.05187038,0.00081687,-1.37734952,-0.00743456,9.14658663,0.10306173,-129.04651971
-0.00000000,1.05207602,0.00087639,-1.38312761,-0.00760431,9.20337118,0.10493127,-130.11762526
-0.00000000,1.05231719,0.00106145,-1.38899481,-0.00842524,9.26128484,0.11686596,-131.20946201
0.00000000,1.05225008,0.00138612,-1.39334224,-0.01021281,9.30513818,0.14272192,-132.03682064
0.00000000,1.05219087,0.00147362,-1.39785434,-0.01022731,9.35045818,0.14448640,-132.89714693
-0.00000000,1.05246680,0.00153011,-1.40327768,-0.01069383,9.40525513,0.15070965,-133.93760537
-0.00000000,1.05261516,0.00175173,-1.40824529,-0.01183414,9.45504070,0.16770865,-134.88371204
-0.00000000,1.05263005,0.00151024,-1.41313210,-0.01040904,9.50551132,0.14783610,-135.84190939
-0.00000000,1.05277026,0.00114288,-1.41839139,-0.00851805,9.55952342,0.12295838,-136.87029948
-0.00000000,1.05273295,0.00121229,-1.42329397,-0.00836791,9.60862828,0.12219769,-137.80867931
-0.00000000,1.05286492,0.00127511,-1.42838432,-0.00836218,9.66076366,0.12211695,-138.80748804
-0.00000000,1.05290034,0.00122973,-1.43312527,-0.00816616,9.70950127,0.11900253,-139.74423973
-0.00000000,1.05299800,0.00107820,-1.43802344,-0.00775057,9.75886655,0.11342869,-140.69338030
0.00000000,1.05294386,0.00090879,-1.44277856,-0.00695949,9.80741158,0.10308535,-141.62623968
0.00000000,1.05313711,0.00104483,-1.44827039,-0.00783897,9.86310287,0.11536265,-142.70051223
-0.00000000,1.05325616,0.00102302,-1.45325128,-0.00772452,9.91444219,0.11305261,-143.69196382
0.00000000,1.05343481,0.00112943,-1.45850435,-0.00823688,9.96825314,0.12052225,-144.73259643
-0.00000000,1.05348487,0.00107980,-1.46338191,-0.00748045,10.01817645,0.11086267,-145.69912691
0.00000000,1.05372083,0.00090147,-1.46899817,-0.00639243,10.07608598,0.09596933,-146.82230629
0.00000000,1.05371262,0.00093553,-1.47364633,-0.00686963,10.12375101,0.10355276,-147.74962986
-0.00000000,1.05369048,0.00084533,-1.47822294,-0.00653919,10.17088577,0.09781185,-148.66795336
0.00000000,1.05381349,0.00095152,-1.48323508,-0.00724022,10.22239079,0.10729229,-149.67280200
-0.00000000,1.05378221,0.00092282,-1.48771194,-0.00709232,10.26917203,0.10442280,-150.58709449
-0.00000000,1.05397659,0.00102333,-1.49314134,-0.00764761,10.32499172,0.11262561,-151.67910112
-0.00000000,1.05402018,0.00133841,-1.49787314,-0.00900356,10.37387513,0.13303956,-152.63624883
-0.00000000,1.05414100,0.00133576,-1.50305685,-0.00916966,10.42727993,0.13607590,-153.68441053
0.00000000,1.05418096,0.00146723,-1.50777319,-0.01017411,10.47578949,0.15180286,-154.63956542
0.00000000,1.05431069,0.00154798,-1.51291412,-0.01067793,10.52860056,0.15854771,-155.68167475
-0.00000000,1.05440381,0.00145755,-1.51771312,-0.01021126,10.57889381,0.15110472,-156.67353744
0.00000000,1.05438031,0.00147533,-1.52235273,-0.01058792,10.62689104,0.15624803,-157.62171924
-0.00000000,1.05440469,0.00141354,-1.52713025,-0.00985825,10.67707366,0.14559328,-158.61588385
-0.00000000,1.05459485,0.00137255,-1.53226697,-0.01001108,10.73097474,0.14696150,-159.68452605
0.00000000,1.05484076,0.00131394,-1.53760367,-0.00962106,10.78714928,0.14206018,-160.79861912
-0.00000000,1.05483227,0.00135441,-1.54251192,-0.00972084,10.83824056,0.14475532,-161.81416770
0.00000000,1.05488872,0.00128646,-1.54738004,-0.00936929,10.88892634,0.13978219,-162.82329440
-0.00000000,1.05497770,0.00128874,-1.55246549,-0.00919528,10.94216896,0.13701649,-163.88664183
0.00000000,1.05512313,0.00133091,-1.55746867,-0.00892394,10.99503332,0.13463747,-164.94338125
0.00000000,1.05514923,0.00118981,-1.56219251,-0.00837470,11.04435644,0.12568600,-165.93025217
-0.00000000,1.05527496,0.00122269,-1.56733385,-0.00854503,11.09800494,0.12848016,-167.00598034
-0.00000000,1.05543043,0.00112413,-1.57263797,-0.00811076,11.15414853,0.12227987,-168.13340990
0.00000000,1.05553977,0.00097008,-1.57771903,-0.00735419,11.20796261,0.11138655,-169.21621688
-0.00000000,1.05574641,0.00114977,-1.58292686,-0.00841751,11.26329861,0.12792795,-170.33174919
0.00000000,1.05577480,0.00116238,-1.58786040,-0.00841714,11.31552123,0.12759134,-171.38591404
0.00000000,1.05586060,0.00112595,-1.59243318,-0.00793160,11.36487744,0.12102505,-172.38369797
-0.00000000,1.05592010,0.00100140,-1.59722970,-0.00743610,11.41656222,0.11298350,-173.42825487
-0.00000000,1.05598680,0.00089888,-1.60204457,-0.00697724,11.46828755,0.10592791,-174.47653057
0.00000000,1.05607819,0.00087866,-1.60673578,-0.00724208,11.51882240,0.10950499,-175.50311956
0.00000000,1.05612562,0.00093170,-1.61146589,-0.00777307,11.56992717,0.11735080,-176.54147873
-0.00000000,1.05621212,0.00085996,-1.61602135,-0.00737009,11.61889540,0.11194175,-177.53965343
0.00000000,1.05618223,0.00096697,-1.62013097,-0.00792885,11.66370670,0.12048689,-178.45283027
0.00000000,1.05634174,0.00093124,-1.62531383,-0.00786140,11.71991277,0.12003154,-179.60044478
0.00000000,1.05644297,0.00101801,-1.63021962,-0.00823658,11.77330612,0.12629676,-180.69276141
0.00000000,1.05654061,0.00101198,-1.63514659,-0.00818552,11.82635719,0.12565616,-181.77921451
-0.00000000,1.05651236,0.00106224,-1.63951420,-0.00869253,11.87374274,0.13361267,-182.75119102
0.00000000,1.05662742,0.00116965,-1.64428701,-0.00950204,11.92558698,0.14576963,-183.81544958
-0.00000000,1.05682474,0.00109937,-1.64931789,-0.00910862,11.98078521,0.14034498,-184.95169944
0.00000000,1.05688037,0.00112772,-1.65410741,-0.00920361,12.03335760,0.14155546,-186.03347899
0.00000000,1.05689450,0.00114062,-1.65861963,-0.00893834,12.08246243,0.13780229,-187.04667585
0.00000000,1.05689058,0.00122942,-1.66321538,-0.00947687,12.13233224,0.14611387,-188.07717865
-0.00000000,1.05696654,0.00119552,-1.66816047,-0.00936148,12.18608026,0.14361095,-189.18898901
-0.00000000,1.05704079,0.00114603,-1.67306117,-0.00898537,12.23942816,0.13837436,-190.29375096
0.00000000,1.05703142,0.00111844,-1.67752303,-0.00900719,12.28860707,0.13884806,-191.31364993
-0.00000000,1.05707890,0.00130025,-1.68211282,-0.01028400,12.33916060,0.15762864,-192.36462776
-0.00000000,1.05711520,0.00127706,-1.68678404,-0.01015277,12.39042770,0.15595319,-193.43082266
-0.00000000,1.05713019,0.00117927,-1.69122529,-0.00963946,12.43975552,0.14847952,-194.45792875
0.00000000,1.05715240,0.00121668,-1.69598526,-0.00976785,12.49209373,0.15097259,-195.54867831
0.00000000,1.05721905,0.00127427,-1.70055399,-0.01007577,12.54254433,0.15577291,-196.60292508
0.00000000,1.05719374,0.00122081,-1.70498286,-0.00979498,12.59153517,0.15165061,-197.62680100
0.00000000,1.05728968,0.00117264,-1.70973956,-0.00964389,12.64382693,0.14939186,-198.72161428
0.00000000,1.05744775,0.00120518,-1.71456731,-0.00959070,12.69763530,0.14875008,-199.84941170
-0.00000000,1.05740432,0.00122251,-1.71877784,-0.00985207,12.74439778,0.15210576,-200.83180307
0.00000000,1.05756302,0.00117508,-1.72344243,-0.00964407,12.79652958,0.14977963,-201.92810088
-0.00000000,1.05740934,0.00105761,-1.72718617,-0.00900444,12.83810509,0.13994923,-202.80361088
-0.00000000,1.05750691,0.00105703,-1.73184366,-0.00874107,12.89035315,0.13591619,-203.90460654
-0.00000000,1.05761957,0.00099643,-1.73635236,-0.00842247,12.94086409,0.13157039,-204.97124189
-0.00000000,1.05772489,0.00101170,-1.74082361,-0.00871651,12.99109468,0.13639764,-206.03327164
-0.00000000,1.05784589,0.00097165,-1.74565771,-0.00867292,13.04532427,0.13540649,-207.18074554
0.00000000,1.05789118,0.00100702,-1.75027773,-0.00874664,13.09691115,0.13705551,-208.27349125
0.00000000,1.05801574,0.00106044,-1.75497721,-0.00898541,13.14992022,0.14073728,-209.39888309
0.00000000,1.05798902,0.00090627,-1.75933129,-0.00810105,13.19851580,0.12712147,-210.43010855
0.00000000,1.05809176,0.00087791,-1.76393114,-0.00775008,13.25059759,0.12199550,-211.53799908
-0.00000000,1.05806147,0.00086384,-1.76815961,-0.00761526,13.29830307,0.12018694,-212.55393740
0.00000000,1.05813942,0.00096643,-1.77280003,-0.00828198,13.35055278,0.13105115,-213.66791322
-0.00000000,1.05819248,0.00106055,-1.77719562,-0.00867748,13.40025177,0.13771561,-214.72872884
-0.00000000,1.05823117,0.00115767,-1.78155135,-0.00937306,13.44988725,0.14880388,-215.78981004
-0.00000000,1.05828151,0.00101709,-1.78596240,-0.00857482,13.50023687,0.13610356,-216.86763855
-0.00000000,1.05853018,0.00086144,-1.79121231,-0.00769486,13.55992889,0.12189651,-218.14660388
0.00000000,1.05858345,0.00065055,-1.79558223,-0.00649303,13.60977182,0.10292322,-219.21702415
-0.00000000,1.05878983,0.00067185,-1.80044998,-0.00672018,13.66542156,0.10660193,-220.41207843
0.00000000,1.05896693,0.00079258,-1.80518450,-0.00737361,13.71922612,0.11724678,-221.57037215
0.00000000,1.05908423,0.00087627,-1.80980682,-0.00786104,13.77170584,0.12515817,-222.70124408
0.00000000,1.05907483,0.00085434,-1.81395259,-0.00763507,13.81924994,0.12192415,-223.72685227
0.00000000,1.05904553,0.00081841,-1.81811989,-0.00737873,13.86677246,0.11852045,-224.75360722
0.00000000,1.05906370,0.00102427,-1.82251822,-0.00854121,13.91721403,0.13745679,-225.84435522
0.00000000,1.05916676,0.00106584,-1.82704478,-0.00885790,13.96915845,0.14305123,-226.96884996
0.00000000,1.05923130,0.00099225,-1.83138790,-0.00837562,14.01886165,0.13548505,-228.04661337
-0.00000000,1.05922748,0.00094484,-1.83533141,-0.00803452,14.06433013,0.12984060,-229.03379715
-0.00000000,1.05927311,0.00096937,-1.83951954,-0.00795105,14.11260450,0.12861227,-230.08297104
-0.00000000,1.05941980,0.00091363,-1.84417946,-0.00755397,14.16627347,0.12242022,-231.25059949
0.00000000,1.05946531,0.00088721,-1.84840487,-0.00714851,14.21519730,0.11619582,-232.31599232
-0.00000000,1.05959180,0.00086309,-1.85308399,-0.00712134,14.26880903,0.11567416,-233.48478049
0.00000000,1.05971008,0.00094488,-1.85752841,-0.00759704,14.32033763,0.12359988,-234.60946401
-0.00000000,1.05984377,0.00083597,-1.86190087,-0.00692819,14.37094477,0.11271568,-235.71571634
-0.00000000,1.06007446,0.00089264,-1.86672376,-0.00735228,14.42686172,0.11973986,-236.93956389
-0.00000000,1.06025129,0.00093462,-1.87137248,-0.00749389,14.48087889,0.12188825,-238.12331281
0.00000000,1.06027955,0.00085906,-1.87557325,-0.00707076,14.52964688,0.11506063,-239.19335686
-0.00000000,1.06038411,0.00086954,-1.88002581,-0.00706874,14.58142689,0.11508101,-240.33026774
-0.00000000,1.06061254,0.00084984,-1.88491515,-0.00706780,14.63821316,0.11542752,-241.57928817
0.00000000,1.06063185,0.00077308,-1.88892422,-0.00659317,14.68480288,0.10774856,-242.60511916
-0.00000000,1.06074524,0.00080242,-1.89318892,-0.00671563,14.73484377,0.10996667,-243.70846726
0.00000000,1.06088352,0.00076866,-1.89765775,-0.00637515,14.78716457,0.10477009,-244.86283805
-0.00000000,1.06097283,0.00089042,-1.90204608,-0.00716723,14.83839863,0.11786541,-245.99442374
-0.00000000,1.06097889,0.00086368,-1.90611042,-0.00704295,14.88600421,0.11589732,-247.04697655
0.00000000,1.06099551,0.00091232,-1.91011308,-0.00736773,14.93288857,0.12147637,-248.08501445
0.00000000,1.06108492,0.00095158,-1.91448337,-0.00757554,14.98406063,0.12496429,-249.21934454
-0.00000000,1.06115454,0.00084064,-1.91864630,-0.00688360,15.03296213,0.11369373,-250.30414860
0.00000000,1.06114871,0.00080160,-1.92256711,-0.00659312,15.07916645,0.10911688,-251.33064463
-0.00000000,1.06121514,0.00080200,-1.92667126,-0.00646661,15.12756500,0.10743038,-252.40689046
0.00000000,1.06140377,0.00089233,-1.93124666,-0.00699359,15.18153518,0.11614011,-253.60805576
0.00000000,1.06145003,0.00090367,-1.93532483,-0.00696847,15.22979928,0.11626844,-254.68331109
0.00000000,1.06150153,0.00090364,-1.93948970,-0.00717161,15.27897209,0.11988381,-255.78013784
-0.00000000,1.06152120,0.00087329,-1.94362609,-0.00684957,15.32770046,0.11458710,-256.86829482
0.00000000,1.06156431,0.00090667,-1.94751720,-0.00709057,15.37389278,0.11864838,-257.90089601
0.00000000,1.06162715,0.00085141,-1.95163065,-0.00655682,15.42253191,0.11011015,-258.98953090
-0.00000000,1.06162256,0.00087009,-1.95555047,-0.00663628,15.46907878,0.11164240,-260.03231929
-0.00000000,1.06169469,0.00081578,-1.95974802,-0.00634467,15.51900133,0.10679055,-261.15219804
0.00000000,1.06176836,0.00079300,-1.96385062,-0.00623903,15.56774914,0.10516644,-262.24644384
-0.00000000,1.06177130,0.00067484,-1.96774251,-0.00549383,15.61410139,0.09296928,-263.28808353
-0.00000000,1.06184720,0.00065067,-1.97187815,-0.00525263,15.66321335,0.08923833,-264.39269754
-0.00000000,1.06190628,0.00068821,-1.97582037,-0.00559575,15.71017962,0.09490216,-265.45033377
0.00000000,1.06198082,0.00070939,-1.97986510,-0.00568841,15.75853877,0.09651247,-266.54049152
0.00000000,1.06202574,0.00065535,-1.98385750,-0.00530103,15.80622427,0.09007917,-267.61652046
0.00000000,1.06207616,0.00074158,-1.98774706,-0.00585133,15.85302076,0.09938409,-268.67325739
0.00000000,1.06223938,0.00079256,-1.99220011,-0.00614626,15.90626087,0.10436441,-269.87686779
-0.00000000,1.06232044,0.00081992,-1.99617550,-0.00635682,15.95383321,0.10808628,-270.95392872
-0.00000000,1.06237013,0.00083666,-2.00008192,-0.00656339,16.00086735,0.11158891,-272.01963020
