0.00000000,22.52222039,-0.33327282,-2.63231892,-32.10033135,153.35977636,1337.16420008,45462.92064736
-0.00000000,22.41571189,-0.30285449,-2.67081496,-32.10591351,187.24442627,1689.86367436,39052.26874976
0.00000000,22.31876160,-0.32093247,-2.74009743,-29.32896113,198.14830396,2668.71901422,37207.99896090
0.00000000,22.22154835,-0.31605455,-3.22651138,-24.99343316,108.14332670,3263.48430636,40502.18973743
-0.00000000,22.12276001,-0.32050345,-3.04202160,-26.30397273,109.95992273,2818.01202468,25249.71961095
-0.00000000,22.02953928,-0.29333183,-3.29178506,-19.45248597,73.22731596,4162.76082365,12935.13481819
0.00000000,21.93478610,-0.30941701,-2.84739360,-19.27084340,-1.15871199,4238.95148840,19550.66908932
-0.00000000,21.83894067,-0.33223931,-2.79802993,-23.00998146,16.63549489,4159.39431742,24840.69146580
0.00000000,21.74003277,-0.33366739,-2.52971878,-19.78970943,15.65003616,3688.72784598,24117.02993090
0.00000000,21.64187958,-0.33504852,-2.42020012,-18.23007138,-23.41776099,3053.15771339,23207.19597736
-0.00000000,21.54911697,-0.30963000,-2.43566612,-14.41763590,13.99864352,3435.40226453,23001.18950096
0.00000000,21.45272317,-0.28917593,-2.04824230,-18.95741147,-0.67925453,2970.15324182,21358.07006209
0.00000000,21.35785936,-0.26022365,-2.23282118,-17.97399111,34.68346248,3538.30848738,29808.82098370
-0.00000000,21.26309164,-0.30861489,-2.14672096,-16.27684324,74.69037206,4201.08348298,16126.44820778
0.00000000,21.16830450,-0.34123240,-2.15396816,-11.91714891,24.82678416,3825.06153726,13337.92100771
-0.00000000,21.07614440,-0.34791635,-2.18657482,-8.85027363,26.83268848,3420.88022003,18478.07213379
0.00000000,20.98035457,-0.37860785,-2.25128802,-10.50632955,43.70058217,3734.16433672,18056.44822359
0.00000000,20.88731070,-0.38930757,-2.25485248,-14.48534906,70.81609768,3905.29350631,25065.08727112
0.00000000,20.79624955,-0.36905713,-2.42100460,-5.98332927,-7.11681903,3344.35406152,23722.66267707
0.00000000,20.70483911,-0.39058901,-2.25016389,-3.56859463,-55.62579059,3395.56179579,24931.04209064
-0.00000000,20.61035281,-0.38412328,-1.91990369,-1.97960589,-134.87283642,3674.03746063,23800.91404130
-0.00000000,20.52495414,-0.40051762,-1.92487232,-0.73026237,-198.48962224,3329.58394808,18904.11421571
-0.00000000,20.43534728,-0.41908946,-1.74306246,-1.96906174,-186.86800376,3675.23494333,15075.61868951
0.00000000,20.34401905,-0.41872325,-1.96062971,1.66442760,-150.07315536,3362.96500148,18171.34636034
0.00000000,20.25526033,-0.42225766,-1.80201406,-0.07293646,-206.64372603,3940.04458187,26739.57650725
-0.00000000,20.16220277,-0.45871165,-1.68771208,5.50746036,-228.68012181,4239.96760547,32642.39963690
-0.00000000,20.07205523,-0.41954368,-2.21173875,6.75970589,-301.41538247,3433.39791283,25715.32203021
-0.00000000,19.98779019,-0.35748096,-2.20731299,5.27026165,-283.66863496,3588.24356435,24460.63668966
0.00000000,19.89895388,-0.34834183,-2.13005001,5.32619732,-279.07833076,3573.03349543,25107.06591627
0.00000000,19.81197286,-0.36974145,-2.14261879,0.89411222,-320.29628813,3159.21538014,23255.92648427
-0.00000000,19.72299883,-0.34854351,-1.96656114,1.55819404,-331.66271482,2718.69116672,24724.58588892
0.00000000,19.63914522,-0.39516208,-2.20334798,4.14178480,-331.52085242,2129.67945081,19047.59479282
-0.00000000,19.55511210,-0.37596003,-2.18892200,7.13515094,-325.05279930,1691.79209987,9333.02993552
-0.00000000,19.46654899,-0.41037735,-2.23889165,5.93486096,-285.98890005,1791.10128009,7503.40531696
-0.00000000,19.37560315,-0.42763813,-2.25810629,3.63034856,-306.50861442,1614.22259893,6799.68500371
0.00000000,19.29337312,-0.39124521,-2.78964489,-1.85248002,-293.16678492,1330.91506879,8939.99271210
-0.00000000,19.20954589,-0.42135044,-3.08646140,-0.06777648,-260.82430882,986.35511971,10760.40310712
-0.00000000,19.12803696,-0.43084771,-3.35882106,3.82374054,-264.17063932,706.91695228,11266.50924753
-0.00000000,19.04200651,-0.37684135,-3.32530526,-0.75862489,-220.05165440,486.01280638,12760.51582451
-0.00000000,18.96252511,-0.38932047,-3.08193715,0.89647275,-193.80845046,56.15042925,14887.73201542
0.00000000,18.87899309,-0.37906211,-3.05425663,-1.43840468,-208.15384807,-226.10287577,15583.68308481
-0.00000000,18.79744715,-0.41545002,-3.14921680,-5.36567523,-211.43217018,-137.51134202,9955.20538252
-0.00000000,18.71508097,-0.38819388,-3.02883743,-5.12452331,-237.57718760,-206.81798486,8071.00724468
0.00000000,18.63125491,-0.37549481,-2.95841256,-4.64501807,-288.12854641,731.73851134,3278.96065290
-0.00000000,18.55001248,-0.31037822,-3.15286184,-4.77040483,-295.12179006,771.49922335,9346.67934736
0.00000000,18.47071794,-0.29735751,-3.28097906,-10.21739803,-294.27945192,758.64276502,10090.53621749
0.00000000,18.38934663,-0.28377007,-3.07326477,-8.77579076,-301.31824872,593.38019133,14101.64266076
-0.00000000,18.30509610,-0.30280390,-2.92094814,-9.61542401,-372.41948490,992.86314194,16543.49857913
-0.00000000,18.22459118,-0.28608737,-2.88453918,-5.58264611,-380.07838611,811.93161646,20235.12323965
-0.00000000,18.14529795,-0.28133123,-2.80687288,-3.69560126,-413.54508113,939.24167017,22145.72695459
-0.00000000,18.06310379,-0.25736293,-2.81764516,-4.62666094,-426.30940444,686.74951921,18470.10664201
-0.00000000,17.98336803,-0.27606951,-2.86479587,-3.98547893,-406.21657237,1105.40345583,18457.44878289
-0.00000000,17.90232332,-0.28903361,-3.18759775,-5.39085636,-442.51342839,1011.82413527,21066.45418155
-0.00000000,17.82599411,-0.34904521,-3.12394458,-1.38582162,-428.48636479,886.73619121,22336.38002553
-0.00000000,17.75341103,-0.34848107,-3.37779137,-1.46718098,-363.96141327,1499.73655105,18852.73024403
0.00000000,17.67422920,-0.36666546,-3.43582875,-5.13698670,-318.29656651,1355.42774712,13572.54472874
-0.00000000,17.59929320,-0.39620749,-3.80662465,-7.52075030,-324.78515371,1613.03070452,12080.86007945
0.00000000,17.52233944,-0.40225860,-4.07956587,-7.66219555,-315.81794993,1497.49690811,11620.97537024
-0.00000000,17.44245996,-0.42632495,-3.80072551,-1.62594560,-299.24030134,1377.40861381,13798.52163436
0.00000000,17.36740552,-0.43840684,-4.09214183,-2.63419818,-274.08001573,1318.85207086,11090.15892259
-0.00000000,17.28889208,-0.44468040,-4.29437526,-3.80178619,-297.76897522,1118.90415115,10949.71641302
0.00000000,17.21224115,-0.42063204,-4.43565157,-4.43255861,-269.91076562,1023.68813339,10386.04920731
-0.00000000,17.13467013,-0.42155865,-3.90434686,-2.07989267,-301.13005314,1238.56542286,15894.21506422
0.00000000,17.06213243,-0.44855924,-3.96817917,-0.99489391,-299.60024273,1068.60693106,15965.82152836
-0.00000000,16.98810491,-0.46143316,-4.07824401,-3.38639422,-267.00576578,1192.59439681,11624.60197046
-0.00000000,16.90944374,-0.47086596,-4.04683390,-3.02914427,-252.00975375,900.40493901,14279.76992346
-0.00000000,16.83728680,-0.45263826,-4.10517775,-6.75894456,-255.72973107,852.93152296,16015.26141611
0.00000000,16.75867559,-0.47847121,-4.03861890,-4.98885621,-268.03864891,900.81472216,14915.92207181
-0.00000000,16.68606227,-0.45765557,-3.82223679,-7.36209252,-244.98101546,771.71158944,12548.14267124
0.00000000,16.61184567,-0.43170907,-4.01922969,-8.15133980,-245.61615190,621.38102266,12852.35965792
-0.00000000,16.53932366,-0.40774871,-4.24833452,-8.89075344,-232.58313936,947.18183680,9117.17094606
0.00000000,16.46640290,-0.37934355,-4.33702837,-8.38494742,-220.43185522,898.09516936,9081.35909865
0.00000000,16.39430982,-0.40272311,-4.36114252,-6.97613365,-215.34915414,904.27249669,10102.73666570
-0.00000000,16.32099983,-0.41572557,-4.54357663,-5.89575115,-225.36856290,1031.20871156,13074.58595834
0.00000000,16.24998719,-0.42087209,-4.41971764,-4.67703481,-241.94686017,835.27886018,15173.54122729
0.00000000,16.18256253,-0.39348067,-4.44975677,-5.61519995,-203.55577579,706.73384736,9520.36524820
-0.00000000,16.11006433,-0.42060992,-4.22187033,-4.33707090,-195.94166926,717.69045486,8615.26433671
0.00000000,16.04067380,-0.43876893,-4.46971447,-5.20426694,-208.06125499,755.81388955,9732.33333720
-0.00000000,15.97475805,-0.41571994,-4.37948190,-4.78744127,-212.88982890,545.93622250,10437.68520935
-0.00000000,15.90629397,-0.44771226,-4.31728011,-3.14586175,-187.10859864,500.40130843,6455.96546764
-0.00000000,15.83853312,-0.44327059,-4.49484287,-4.58265316,-162.72609980,302.68813343,1838.13832442
-0.00000000,15.77082070,-0.44565831,-4.73231070,-5.09321101,-166.95682253,594.11964234,2938.92968685
0.00000000,15.70130104,-0.43057059,-4.88392261,-4.90768185,-169.10046628,535.34441033,3723.19415914
-0.00000000,15.63103613,-0.45335392,-4.88298742,-3.64977060,-160.13480849,636.59431462,4130.15253822
-0.00000000,15.56115329,-0.45023786,-4.81984563,-1.14727988,-166.32830529,606.18710742,4167.18772493
0.00000000,15.49182656,-0.45876940,-4.62483161,-1.65859417,-141.17803294,614.29697660,4196.23993230
-0.00000000,15.42367008,-0.48062455,-4.65231649,-1.50805623,-130.64558393,469.35760861,3513.85333076
-0.00000000,15.35755095,-0.47799004,-4.77536022,-2.80292864,-129.34173728,367.61511210,2177.87244427
-0.00000000,15.29303967,-0.48425700,-5.08947995,-5.06007473,-111.68769487,530.70574043,2399.45949323
-0.00000000,15.22525398,-0.48379100,-4.90945843,-2.51970143,-98.50922914,434.60146064,2190.01578759
0.00000000,15.16000700,-0.47052830,-4.63030344,-2.83714726,-77.54356938,531.48597102,998.32597186
-0.00000000,15.09321741,-0.46785275,-4.56531942,-3.62634329,-97.83223921,519.63691052,3575.52125220
-0.00000000,15.02606388,-0.48715794,-4.55249136,-3.83709836,-104.31842617,506.27179184,6121.91249555
-0.00000000,14.95971920,-0.48603137,-4.37447184,-3.37432124,-80.34922973,255.22154425,7686.21874677
-0.00000000,14.89778706,-0.48597467,-4.26840504,-1.83426084,-81.64434139,285.40488146,7880.11297268
0.00000000,14.83308480,-0.46359197,-4.13650231,1.77154366,-93.53480030,550.84131528,8921.63776377
-0.00000000,14.76916770,-0.48466284,-4.08908081,1.83590973,-84.35060583,316.18431983,8819.64112267
0.00000000,14.70646021,-0.50470543,-4.03813226,0.82732382,-78.09348830,97.44072196,9440.56234419
-0.00000000,14.64392886,-0.52910374,-3.95132237,2.75386413,-70.45261804,121.21393746,10194.13995721
-0.00000000,14.58245770,-0.52143802,-4.06685823,3.02749527,-66.26930950,130.65847529,6724.03217784
-0.00000000,14.51837205,-0.50018736,-4.06567842,3.85053342,-52.99247486,163.82710886,6555.59943814
0.00000000,14.45572017,-0.49564267,-4.00846299,3.41209635,-49.63604875,69.12539120,7961.61144388
0.00000000,14.39428224,-0.50445847,-3.98762341,4.03711212,-39.83600675,170.28355350,9273.10855511
-0.00000000,14.33201801,-0.49406966,-3.98866104,2.05235838,-33.64892510,181.55157705,8399.13761487
-0.00000000,14.26796274,-0.51166935,-4.08609190,3.43995717,-39.56039849,237.37431852,7440.85732766
-0.00000000,14.20264605,-0.52351088,-4.05713751,3.73724904,-37.59943978,236.71117731,4618.30367706
0.00000000,14.13934177,-0.54380893,-3.67430175,3.37580996,-26.32822197,126.36744219,5081.96510635
0.00000000,14.07882541,-0.52714012,-3.74843531,3.86356120,-25.71905824,208.05171137,6487.18448062
-0.00000000,14.01991916,-0.52571583,-3.90537185,3.64248596,-24.55033086,354.01220710,5848.32873707
-0.00000000,13.95764152,-0.50995123,-3.94125488,2.62377954,-20.14464367,396.20015673,4689.73800173
-0.00000000,13.89904945,-0.49372857,-3.77958759,2.78038289,-12.71843359,370.14604140,3890.61069899
0.00000000,13.83729531,-0.49419503,-3.77410077,3.29401956,-20.98535198,425.39346737,4399.47598806
0.00000000,13.77765608,-0.49786868,-3.86973738,2.19123017,-11.69993493,314.31670950,4442.46527995
-0.00000000,13.71710102,-0.47646328,-3.98764404,2.05445161,-0.71795826,564.64920195,4042.65523243
-0.00000000,13.66062048,-0.47296255,-4.19095473,2.04716232,12.36678308,630.24542285,2962.06156708
0.00000000,13.60366631,-0.45896976,-4.04887220,-0.53660374,15.88745482,584.99762280,3458.10117700
0.00000000,13.54453786,-0.44971209,-4.02484414,-0.34120023,3.01161028,609.16318719,3427.49720240
0.00000000,13.48664697,-0.45217946,-4.05381508,-0.99889329,0.95767942,545.50217444,3207.06246567
0.00000000,13.42684651,-0.45475888,-4.11948294,-0.92030598,-16.53802336,550.42783467,1077.13432103
-0.00000000,13.36907103,-0.45929752,-3.91688746,-0.97328607,-20.09963004,570.31211067,1914.36714919
-0.00000000,13.31426122,-0.46609348,-3.83636496,-1.20339417,-24.97422279,629.16213667,2839.03911160
-0.00000000,13.25699519,-0.46982244,-3.63710618,-0.84260822,-16.31256938,609.73824939,3081.66827741
-0.00000000,13.19964872,-0.45701891,-3.29957848,-1.95855561,-4.70340537,710.59842246,2000.53891246
0.00000000,13.14199682,-0.44419138,-3.30129380,-2.62744922,-2.97241986,660.95362279,873.83708360
0.00000000,13.08423075,-0.43723779,-3.22376584,-2.46024472,-4.25922605,580.17476941,481.89213641
-0.00000000,13.02677951,-0.43762149,-3.28596577,-4.16960538,2.67407978,562.59923141,596.08271524
0.00000000,12.97310284,-0.43474379,-3.30782120,-4.57337918,4.48776064,568.15953591,-232.49823838
-0.00000000,12.91736218,-0.40835627,-3.36027131,-3.90714092,6.40638459,376.85102529,2166.91187877
0.00000000,12.85956288,-0.40798648,-3.44120211,-3.77783623,4.93158166,351.20502535,4231.55756616
-0.00000000,12.80956331,-0.40630163,-3.26810351,-2.85505793,-8.57611405,227.77117128,5113.80475394
-0.00000000,12.75512049,-0.42269633,-3.36750550,-2.61777332,-14.75772986,270.17248422,4649.94720788
-0.00000000,12.70214635,-0.41383177,-3.29311026,-1.96489237,-8.46743906,188.48615848,5374.32210905
0.00000000,12.64841615,-0.41473806,-3.26988001,-2.42590003,-6.83240400,133.75105913,5335.86424730
-0.00000000,12.59587909,-0.41578812,-3.30699700,-3.01251755,-9.64436315,-29.28281978,5357.75163542
-0.00000000,12.54177537,-0.41486944,-3.18224585,-2.75842295,-4.06473668,-77.33298662,5669.05138275
0.00000000,12.48548919,-0.40320692,-3.12803457,-1.50422067,-2.74742764,-78.52962427,6191.77563362
-0.00000000,12.43240269,-0.40361852,-3.06788321,-2.91567830,-2.50099287,-84.97498815,6301.40353260
0.00000000,12.37836914,-0.37391674,-2.87263387,-4.82037453,-7.08905955,-95.93100573,6653.61587050
0.00000000,12.32477081,-0.35402775,-2.87720229,-4.76289148,-19.93601112,-120.51118955,6026.03251010
-0.00000000,12.27064413,-0.35928302,-2.81749073,-5.39285393,-6.53337766,-72.49231949,6137.68454443
0.00000000,12.21834364,-0.34064114,-2.62717352,-6.64520484,-7.31458410,-11.34744054,6270.45296886
0.00000000,12.16668958,-0.32379882,-2.67358495,-6.37628348,-9.69316327,-6.89207056,5121.82003747
-0.00000000,12.11440005,-0.31581672,-2.49624494,-7.15358958,-11.62316636,172.94936425,5506.93533365
-0.00000000,12.06240821,-0.31002821,-2.28008150,-7.33153798,0.74279640,148.53802697,5537.07584003
0.00000000,12.01214775,-0.29104394,-2.40794797,-6.12083322,0.20670500,216.26914682,4567.05350867
0.00000000,11.96057569,-0.28176961,-2.46649944,-3.91566923,-5.54806109,187.73874600,3781.16042802
-0.00000000,11.91056845,-0.26724168,-2.54598633,-3.86538131,-3.69300978,192.30079338,4063.92633914
-0.00000000,11.86117300,-0.28996475,-2.59483118,-3.78446858,-2.35139610,201.29012000,2758.69008099
0.00000000,11.81286854,-0.27048676,-2.58272371,-4.05174812,2.55324831,199.60935513,3710.49177552
0.00000000,11.76291906,-0.24715286,-2.51491557,-3.25147659,6.53921714,235.29290887,2352.83029232
0.00000000,11.71307682,-0.24733045,-2.48798633,-3.47987741,6.97856250,249.42359577,1611.27699689
-0.00000000,11.66584562,-0.24810063,-2.47562008,-3.99864969,22.15503677,257.35827998,1957.83340794
0.00000000,11.61826252,-0.24215791,-2.40576949,-3.48674310,25.35333848,215.28469791,530.41362271
-0.00000000,11.56770034,-0.22893666,-2.29767340,-5.23974677,15.22685480,164.03694954,562.26090122
-0.00000000,11.51881137,-0.22464284,-2.22357910,-4.76767905,9.64768830,110.13070903,-9.55033230
-0.00000000,11.46802891,-0.22266480,-2.13767968,-4.97003709,8.78793686,43.10503093,26.61236088
0.00000000,11.41830769,-0.23253780,-1.98022773,-4.96995612,12.01177557,62.73203422,-504.78530009
0.00000000,11.37058152,-0.23697363,-1.94798989,-3.81567621,9.54805384,-19.37796585,-1260.24915183
-0.00000000,11.32142536,-0.22611632,-2.03537488,-5.59772165,14.01221054,-42.18436885,-1483.02615709
-0.00000000,11.27460589,-0.22441011,-2.16253859,-5.36666497,11.02294601,-41.65408811,-1292.16246175
-0.00000000,11.22816348,-0.23011919,-2.18838720,-4.61582270,10.21213652,-129.26174485,-1575.01273079
-0.00000000,11.18143781,-0.20743559,-2.20299599,-4.98252967,6.50112049,-156.80562148,-2107.74411128
0.00000000,11.13502141,-0.18783541,-2.04346358,-5.40435620,7.79388853,-156.70142087,-2154.27334625
0.00000000,11.08534230,-0.19778500,-1.93252933,-5.38670766,11.46512179,-132.01978668,-2325.04805587
0.00000000,11.03780017,-0.19407765,-1.93545744,-6.21508132,9.72883022,-109.75681437,-2267.31958096
0.00000000,10.99014086,-0.18679141,-1.99439574,-4.97895202,0.42866989,-24.04500113,-1928.03818448
-0.00000000,10.94268620,-0.18479111,-2.05695405,-4.65252518,-8.12449058,-47.29541525,-1260.38124149
-0.00000000,10.89684514,-0.16499533,-1.93090130,-4.07492732,-8.73179763,22.18122258,-1526.10619842
-0.00000000,10.85121261,-0.16471190,-1.89880482,-4.85270541,-20.11490741,11.26429609,-828.59718926
0.00000000,10.80752736,-0.16653516,-1.78963359,-4.49349497,-24.88716110,7.50820953,-179.58291340
0.00000000,10.76167863,-0.17630153,-1.85110141,-4.59557767,-21.39120298,5.55129481,-478.80718002
-0.00000000,10.71681147,-0.16346562,-1.94150201,-5.17049349,-14.21566267,-19.67430037,-568.75627110
-0.00000000,10.67212600,-0.15582424,-1.75158407,-4.94783802,-12.02683222,-9.02839322,-649.29113917
0.00000000,10.62622172,-0.14189324,-1.74986952,-4.92040356,-15.62206450,21.29526356,-983.57583961
0.00000000,10.58143155,-0.14426850,-1.68542382,-4.33164400,-23.26966469,65.12311396,-316.14913938
0.00000000,10.53608239,-0.12749671,-1.67933803,-4.70202959,-24.04389132,157.69980672,-650.90688672
-0.00000000,10.48922151,-0.13151496,-1.61520497,-3.84880003,-23.97238703,230.48120733,-482.62356923
-0.00000000,10.44556475,-0.13240137,-1.59108934,-3.92405827,-19.62017870,247.76673601,-518.51750271
0.00000000,10.39917276,-0.13719857,-1.47396864,-3.72189772,-8.84201724,248.89932445,-510.22582968
-0.00000000,10.35588059,-0.13014309,-1.39015672,-3.69577817,-12.17337455,223.05567648,0.75852962
0.00000000,10.31402021,-0.13616422,-1.32991109,-3.09368228,-13.94013989,220.32788997,165.29901857
-0.00000000,10.27037845,-0.14738979,-1.39284486,-3.59383514,-4.71142793,172.06611175,-510.20707730
0.00000000,10.22746346,-0.14415243,-1.37929214,-3.62938220,1.51927009,167.31245291,-846.43221042
-0.00000000,10.18345299,-0.14002100,-1.43006379,-4.01678207,2.29257091,191.71722838,-1183.49770546
-0.00000000,10.13929285,-0.13302791,-1.41488055,-3.37396459,0.50280132,212.69410000,-793.81553284
0.00000000,10.09563818,-0.13407451,-1.29994631,-2.58069509,-2.70334667,262.69067071,-678.13315435
0.00000000,10.05363433,-0.13787048,-1.27891315,-2.07197029,-0.33491132,279.65439990,-706.07800885
-0.00000000,10.00979936,-0.12323017,-1.25048263,-2.63702270,10.35897352,282.86151684,-469.56716966
0.00000000,9.96940142,-0.12082780,-1.26406822,-2.77271633,11.53331224,281.54836563,-274.72168840
-0.00000000,9.92961378,-0.11891837,-1.42321639,-3.17405045,15.03910587,296.39628794,-393.55962016
0.00000000,9.88602303,-0.11521557,-1.42089439,-2.55834537,15.23662127,268.14785655,-798.16657373
-0.00000000,9.84476743,-0.11032101,-1.45211955,-2.30235656,12.92503459,287.52186447,-619.53441464
-0.00000000,9.80626390,-0.11808952,-1.43731538,-2.04182804,11.88630739,243.82612930,-648.93529657
0.00000000,9.76818523,-0.10438232,-1.42845166,-1.69488754,15.37187019,243.87827029,-413.22310920
0.00000000,9.72807615,-0.11155014,-1.42891969,-1.41042813,10.19644825,212.42381493,-518.31376866
-0.00000000,9.68621488,-0.12097872,-1.36795868,-0.60166745,9.15679427,176.87660839,-626.21126489
-0.00000000,9.64636006,-0.11424289,-1.38740931,-0.95558630,12.51556425,177.06400991,-1049.23409609
-0.00000000,9.60551857,-0.11620332,-1.41979640,-0.97879643,15.30508425,159.61838316,-1352.62870087
0.00000000,9.56479964,-0.11807932,-1.37760414,-1.76498571,13.93302127,130.65995603,-1108.89701272
-0.00000000,9.52584724,-0.12771181,-1.30322268,-1.01765529,17.62696637,142.12764825,-1011.33940346
0.00000000,9.48802887,-0.12054132,-1.38040916,-1.06063020,15.81721056,166.09470296,-1002.15699763
0.00000000,9.44650843,-0.12447604,-1.43767506,-0.94319095,16.49495309,211.59331156,-1064.05994000
0.00000000,9.40680245,-0.12112214,-1.57953994,-0.44586049,22.48478681,176.83765235,-901.51101207
-0.00000000,9.36885303,-0.11281814,-1.62200015,-0.55593145,22.38615116,185.70120664,-479.94741299
0.00000000,9.32799744,-0.11334227,-1.66520650,-0.96474587,20.51236695,206.67374477,-414.91217904
-0.00000000,9.28897783,-0.11455210,-1.68540666,-1.07785739,17.63578084,230.91146614,-424.87323885
0.00000000,9.25075815,-0.11032979,-1.74741111,-1.19495732,22.62860392,236.40987271,-916.85417255
0.00000000,9.21256387,-0.11546148,-1.72468656,-1.18825808,26.90719080,220.78119626,-1060.20303445
-0.00000000,9.17227215,-0.10983245,-1.80273907,-1.27276781,29.64042902,209.33658187,-1184.13817646
0.00000000,9.13507205,-0.11578777,-1.77109463,-1.59936665,25.62099298,227.80941859,-1480.25590792
-0.00000000,9.09770474,-0.11018081,-1.76172915,-0.96365826,22.24793342,213.43087519,-1166.50183231
0.00000000,9.05897102,-0.11112054,-1.77230185,-1.53178677,20.39245233,180.96072840,-995.55518524
-0.00000000,9.02292696,-0.11491823,-1.81877056,-1.69134152,19.03740309,110.39767536,-937.95600679
0.00000000,8.98444195,-0.11282528,-1.83606493,-1.52122170,17.31257274,102.17098574,-764.36591419
0.00000000,8.94748478,-0.11089459,-1.85756347,-1.66728529,19.88047881,61.69991112,-833.69472024
0.00000000,8.91352739,-0.11537603,-1.87417431,-1.43331581,19.30791947,46.19833847,-922.59412206
0.00000000,8.87634141,-0.11296159,-1.83283592,-1.27698522,19.21145260,39.82634029,-1189.71234212
-0.00000000,8.83980429,-0.10121491,-1.90190099,-0.71571528,17.34392477,61.33698652,-1126.14650439
0.00000000,8.80128128,-0.09786048,-1.89942898,-1.20776759,15.16173307,81.83221674,-759.71321677
0.00000000,8.76344277,-0.08318279,-1.86536460,-0.97651384,12.27721769,65.52224535,-849.08177173
0.00000000,8.72969215,-0.07871438,-1.78165566,-2.12348760,13.49048439,77.86457027,-977.87431476
0.00000000,8.69573682,-0.07985846,-1.84296489,-2.56143894,14.85858934,107.97239111,-883.38297853
-0.00000000,8.65812776,-0.06493534,-1.84151110,-3.15400213,19.51621692,111.12138639,-936.86860453
0.00000000,8.62367378,-0.07465773,-1.88388419,-3.66590952,21.77335428,115.24045160,-873.89926333
-0.00000000,8.58811793,-0.07387287,-1.88440057,-4.08165167,19.04262875,150.84031648,-940.51047282
-0.00000000,8.55177862,-0.07461766,-1.90410156,-4.32647822,15.61257990,162.68048013,-995.92851899
0.00000000,8.51654923,-0.06426453,-1.85255505,-4.26597538,17.83877890,170.98371390,-653.21496795
-0.00000000,8.48103352,-0.06399885,-1.89800344,-3.77034364,17.65698724,142.73497362,-686.06762349
-0.00000000,8.44760907,-0.07324358,-1.87007791,-3.61174882,19.05522112,158.16433749,-677.80460177
-0.00000000,8.41382923,-0.08229942,-1.87624864,-3.44321065,16.97263632,170.66565693,-568.68716620
0.00000000,8.37825442,-0.07230099,-1.93434096,-3.07170402,18.90240747,151.00596936,-451.36091414
-0.00000000,8.34251870,-0.07176123,-2.03535482,-3.45234029,17.37247755,166.14218094,-196.41910136
-0.00000000,8.30902693,-0.06332142,-2.08091559,-3.71274757,21.59079271,163.79156651,-68.69129628
-0.00000000,8.27633717,-0.06338141,-2.02831204,-3.49507323,22.96653725,154.95447257,-40.89181831
0.00000000,8.24239731,-0.06329298,-2.03450441,-3.25095139,23.90335466,159.40807161,44.59172058
0.00000000,8.20952000,-0.04750020,-2.01209494,-2.99200606,24.46073938,171.11045769,-62.98312844
0.00000000,8.17552109,-0.04504857,-2.07492795,-2.67802758,19.32227686,159.26059660,-99.23384367
-0.00000000,8.14023869,-0.03643111,-2.14312728,-2.78959892,19.32725549,162.91857863,-304.22658722
0.00000000,8.10568869,-0.03441017,-2.18139254,-2.42159174,21.67525456,151.69409131,-416.94365397
-0.00000000,8.07196295,-0.03401684,-2.14503653,-2.36014480,16.69541355,136.04302160,-397.33100008
-0.00000000,8.03948618,-0.02944732,-2.15816742,-2.03549192,15.17322337,153.52142590,-496.12067945
-0.00000000,8.00684216,-0.04148738,-2.10690260,-2.26596598,18.02929461,159.10102924,-388.96533978
0.00000000,7.97434976,-0.04308385,-2.04720966,-2.63125518,15.38475010,192.08414638,-202.33967715
0.00000000,7.94090196,-0.04312505,-2.06873584,-2.66660432,16.38323171,200.13574336,-342.50918699
-0.00000000,7.90933250,-0.05320214,-1.99907667,-2.15280337,16.17753557,186.28848478,-250.33097367
-0.00000000,7.87831331,-0.06452970,-1.94507895,-1.94229637,17.42733862,183.93523916,-250.02959570
-0.00000000,7.84577219,-0.06469581,-1.91308404,-1.51884236,17.91449428,190.48205120,-319.60101574
-0.00000000,7.81450491,-0.06721622,-1.93753977,-1.58002054,18.07530390,181.09393116,-357.28562095
0.00000000,7.78198436,-0.05909506,-1.94514527,-1.42072527,19.71985249,146.94620938,-412.24306190
0.00000000,7.74933700,-0.05434746,-1.87799475,-1.42338349,21.78791887,140.79530697,-525.69793034
0.00000000,7.71708294,-0.05503487,-1.86772936,-1.62235192,21.49368887,140.62034020,-708.49999900
-0.00000000,7.68551557,-0.04814649,-1.85662471,-1.63213683,22.28911868,143.15637600,-722.34807951
-0.00000000,7.65432961,-0.04377874,-1.77203501,-1.57435075,22.98691768,126.45060468,-448.07512073
-0.00000000,7.62459463,-0.03709332,-1.77855259,-1.82266320,23.40070794,152.46106859,-217.22841670
-0.00000000,7.59276385,-0.03873043,-1.79719977,-2.01367932,24.36479394,142.33609727,-174.83326045
-0.00000000,7.56253341,-0.04690937,-1.81651989,-2.02204868,23.13962473,143.36324941,-160.80266434
-0.00000000,7.53177911,-0.04433660,-1.74479563,-1.72642063,21.92913878,122.54228277,-121.11971625
0.00000000,7.49904750,-0.04579984,-1.78117306,-1.50000686,21.23655565,128.34546325,-63.23929611
0.00000000,7.47065731,-0.04683388,-1.77131029,-1.33209839,18.93804339,124.51436885,-45.20105335
0.00000000,7.43962340,-0.04418869,-1.79618467,-1.26796213,18.55179024,141.10033116,187.58659654
-0.00000000,7.40890694,-0.04300162,-1.79907300,-1.14380536,22.28801311,134.18246915,305.03719086
-0.00000000,7.37878901,-0.04394309,-1.83063240,-1.47670510,24.49535186,117.41553900,384.02624105
-0.00000000,7.34777203,-0.04588769,-1.79209223,-1.26537351,22.53144863,123.26166162,378.79423358
-0.00000000,7.31836217,-0.04125371,-1.81994289,-1.04010409,22.63004404,116.82184176,233.59009264
0.00000000,7.28875427,-0.04536193,-1.83492660,-1.22633781,20.73699292,97.20865285,250.29395109
-0.00000000,7.25834774,-0.04018438,-1.85184750,-1.48844483,21.47541282,107.15512096,249.59947293
0.00000000,7.22865196,-0.03659141,-1.80299744,-1.38143127,20.26838191,106.02544712,279.48697020
-0.00000000,7.19958220,-0.04002861,-1.81261200,-1.25675469,21.80181558,94.38259430,381.53192624
0.00000000,7.17098713,-0.03248711,-1.86487520,-1.19723965,22.05071762,104.18918148,281.29357354
0.00000000,7.14306520,-0.03044027,-1.85618038,-1.25995160,21.35164325,99.85855637,172.34923144
0.00000000,7.11434092,-0.02597199,-1.91007238,-1.37607315,22.51522815,86.39089124,262.50000298
0.00000000,7.08636218,-0.02179983,-1.94592818,-1.49101349,22.92247714,91.72323625,427.09974389
0.00000000,7.05671736,-0.02349767,-1.96212407,-1.63309123,24.47756856,97.52269560,403.08478258
0.00000000,7.02868551,-0.02284882,-1.94601749,-1.47670610,24.73505136,91.01263434,523.08999157
0.00000000,7.00033981,-0.02455233,-1.94878343,-1.43047546,24.99719633,102.35392309,495.74637204
0.00000000,6.97100630,-0.02602582,-1.89848726,-1.35861988,24.05353026,102.70861639,540.28122612
0.00000000,6.94292694,-0.02026223,-1.91422811,-1.14130507,22.95499776,109.85086690,636.90021222
0.00000000,6.91530860,-0.02753652,-1.94297218,-1.38967183,25.32748573,101.01011467,574.38460437
-0.00000000,6.88756498,-0.02826140,-1.95120286,-1.49696330,24.23225296,78.81355906,599.63612425
0.00000000,6.86093937,-0.03081850,-1.96974490,-1.20136176,25.10897816,75.98119500,536.79553044
-0.00000000,6.83294496,-0.03366741,-1.98454034,-1.05389372,23.25415633,76.47362271,492.47805668
-0.00000000,6.80514333,-0.02827259,-2.00926993,-0.94665796,22.82333803,79.10201960,320.53634202
0.00000000,6.77804932,-0.01886013,-2.01208969,-0.84327545,21.43537411,73.45818569,282.64866245
-0.00000000,6.75157859,-0.01862491,-2.02323597,-0.51889136,20.79321340,71.33911756,264.15657402
0.00000000,6.72475204,-0.01792164,-2.00390718,-0.41452543,20.04137154,69.95728256,347.42867202
-0.00000000,6.69876833,-0.00958210,-2.00861041,-0.54432107,20.64335597,76.95533289,371.31483590
0.00000000,6.67140449,-0.01149424,-2.06307182,-0.75954608,20.48820927,81.39081671,306.19700058
0.00000000,6.64644159,-0.01329416,-2.05262091,-1.09362816,19.31166895,67.14343315,214.27644476
-0.00000000,6.61966006,-0.01956541,-2.04611909,-1.17424339,20.03898627,65.05099803,261.02825208
-0.00000000,6.59310818,-0.01968998,-2.00046841,-1.18459534,18.61675547,44.91571780,395.95450116
-0.00000000,6.56735723,-0.02518859,-2.07179355,-1.06977644,19.52310144,52.85831263,383.42396363
0.00000000,6.54133596,-0.02541139,-2.06769468,-0.84830802,18.39293993,53.96313117,365.07080388
0.00000000,6.51396036,-0.02841812,-2.09134886,-0.96092116,18.24796379,61.03515663,418.72801847
-0.00000000,6.48858454,-0.02940801,-2.10600535,-0.94550162,18.23201914,76.54430008,540.57668851
-0.00000000,6.46207114,-0.02920997,-2.10627943,-1.14772601,16.24202891,74.08354210,516.92563337
0.00000000,6.43637506,-0.02326601,-2.09255228,-1.21165309,17.62454810,86.97449140,495.15917700
0.00000000,6.40999026,-0.03239325,-2.07800325,-1.23316890,16.88875228,76.71757224,380.78817887
0.00000000,6.38474194,-0.03501990,-2.08441666,-1.09477606,16.29368613,63.60879721,274.95744889
0.00000000,6.36026404,-0.03909740,-2.05025768,-1.05732903,14.82878486,62.72362290,186.99029384
0.00000000,6.33489046,-0.03524320,-2.08754561,-1.04402561,15.71265556,49.80421321,202.71185478
-0.00000000,6.30886641,-0.03763891,-2.11015971,-1.17684695,16.31416870,40.01614816,236.43533886
0.00000000,6.28273455,-0.03495618,-2.09296815,-1.24447853,16.34692355,37.00010602,162.53147059
-0.00000000,6.25796691,-0.03379897,-2.08322107,-1.09393712,17.16611770,33.52999172,153.66143603
-0.00000000,6.23305503,-0.02986162,-2.11048594,-1.33139677,17.38448401,35.27326222,166.65296769
0.00000000,6.21016736,-0.03002241,-2.12108921,-1.20922463,18.07686991,34.14959875,226.96821402
0.00000000,6.18627218,-0.03436926,-2.11064468,-1.28657902,18.42060085,26.18629918,281.34432234
0.00000000,6.16122292,-0.03817601,-2.11282438,-1.34569026,18.87489792,32.40034212,270.46016935
0.00000000,6.13761752,-0.03411363,-2.09732781,-1.25452209,18.18627054,35.61339289,319.39872010
-0.00000000,6.11326524,-0.03482062,-2.10313314,-1.20610244,19.15102478,29.07368178,363.60888386
-0.00000000,6.08961399,-0.03298029,-2.05690753,-1.18349902,19.27116790,30.20330790,370.00491128
0.00000000,6.06589507,-0.03480778,-2.07832035,-1.15171505,19.45221926,31.03882717,332.28220998
-0.00000000,6.04217902,-0.03328719,-2.10981682,-1.16179245,18.64330606,36.98630314,342.09590511
-0.00000000,6.01782477,-0.03644119,-2.07796088,-1.27807535,18.95470145,35.91631060,351.44384939
-0.00000000,5.99383731,-0.03362662,-2.06671549,-1.27327359,19.47664190,35.29681755,274.08187411
-0.00000000,5.97010853,-0.03058867,-2.09073073,-1.34411957,19.86959692,41.37155975,222.72619577
0.00000000,5.94515988,-0.03237200,-2.08212088,-1.43027043,19.21507638,42.06964910,209.80889970
0.00000000,5.92164587,-0.03167754,-2.09804675,-1.46427244,19.81953752,35.09594271,204.27121069
-0.00000000,5.89786520,-0.02898364,-2.12119760,-1.39647518,20.34990859,30.55810716,185.50916279
-0.00000000,5.87656290,-0.03117376,-2.10590100,-1.25215998,21.08592189,19.43426070,202.37705597
-0.00000000,5.85300228,-0.03279796,-2.12168130,-1.10680251,22.74474244,12.05488641,222.78085546
-0.00000000,5.83090418,-0.03644957,-2.14456899,-1.15703047,21.88967451,12.39359790,177.08484016
-0.00000000,5.80765497,-0.03136511,-2.16070366,-1.17873553,22.04180387,14.22485037,202.16722176
0.00000000,5.78475792,-0.03623961,-2.15496776,-0.99860812,21.63491035,17.25765200,158.19504519
-0.00000000,5.76169298,-0.03906041,-2.16479952,-0.72334470,21.35788694,20.53975552,159.14944547
0.00000000,5.73941303,-0.03593500,-2.18768766,-0.57723429,20.54994122,12.63425005,131.32845427
-0.00000000,5.71570714,-0.03456604,-2.20230402,-0.59750897,20.32441148,14.79399530,44.73506529
0.00000000,5.69471425,-0.03105857,-2.17877079,-0.60381213,20.16238318,18.55002662,9.96010213
0.00000000,5.67248453,-0.03241495,-2.18086002,-0.53429003,19.12222671,22.06717185,85.82265685
-0.00000000,5.64989371,-0.03422044,-2.14621018,-0.67454575,19.14764120,17.72491153,63.72452876
0.00000000,5.62702431,-0.03164598,-2.12312741,-0.61378890,18.33266371,13.94650246,91.43151638
0.00000000,5.60584981,-0.02974164,-2.10839095,-0.66368180,19.32159565,11.64040394,80.58617055
0.00000000,5.58426820,-0.02578502,-2.11194423,-0.64225927,19.54628620,-1.00861526,67.51256204
0.00000000,5.56215541,-0.02893567,-2.13079683,-0.69708391,19.01232445,6.66281440,69.26528143
-0.00000000,5.54073508,-0.02793712,-2.14099747,-0.80087310,19.79447755,7.81053662,29.03556839
0.00000000,5.51825613,-0.02172150,-2.12829032,-0.77376272,18.88130452,4.65349642,-24.25800728
-0.00000000,5.49741430,-0.01631118,-2.11002077,-0.96157933,18.42596072,4.13515136,-0.29727712
-0.00000000,5.47552963,-0.01550951,-2.12785472,-0.87224014,18.88793180,13.20280415,14.94971935
-0.00000000,5.45262781,-0.01449311,-2.13792965,-0.81422590,18.09861691,24.34945039,77.27228309
0.00000000,5.43131177,-0.01374915,-2.12276824,-0.75386241,18.30585746,26.86522759,36.61612856
-0.00000000,5.40955000,-0.01337671,-2.10427370,-0.92237232,19.09072064,26.78689269,44.01200723
0.00000000,5.38808608,-0.01877483,-2.08434313,-0.80614251,18.62292118,22.55049068,77.28360101
0.00000000,5.36669173,-0.01293260,-2.06440270,-0.83870122,17.28299018,21.96628457,39.00450406
-0.00000000,5.34517661,-0.01332647,-2.05733785,-0.82886643,17.92779137,30.97505862,1.75037639
0.00000000,5.32372370,-0.01169841,-2.04098628,-0.82802177,17.74472798,29.13367853,-19.43698178
0.00000000,5.30231145,-0.00741041,-2.06091413,-0.71432841,16.96343283,22.94729466,-38.23984163
0.00000000,5.28147610,-0.00201748,-2.08591904,-0.73890276,17.47210952,23.87151978,-71.47681499
-0.00000000,5.26084388,0.00242574,-2.09855024,-0.69381766,17.26351976,24.37129504,-111.92940402
-0.00000000,5.24031818,0.00759404,-2.12802618,-0.62519761,17.44930704,22.34242921,-95.93509827
-0.00000000,5.22076496,0.00452967,-2.12660056,-0.62666739,17.62769425,21.30411546,-132.20526576
0.00000000,5.20084126,0.00309350,-2.13010072,-0.48536138,18.18138139,17.29949217,-126.18879017
-0.00000000,5.18039881,0.00234428,-2.15404028,-0.52891695,19.03905480,15.64915321,-128.87037310
-0.00000000,5.15987325,-0.00222177,-2.16435433,-0.57222449,18.46583829,8.27814544,-139.58058188
-0.00000000,5.14034765,-0.00570134,-2.15860675,-0.51302317,18.16847690,4.96278017,-140.33142259
0.00000000,5.12124989,-0.00288960,-2.14724121,-0.52738491,18.55478938,6.89043138,-170.01798463
-0.00000000,5.10140627,0.00108658,-2.12867275,-0.54317342,17.91297723,5.92558438,-153.55778631
-0.00000000,5.08182964,-0.00135816,-2.12472384,-0.40697731,17.60017164,5.60622084,-182.58297429
-0.00000000,5.06172758,-0.00317427,-2.11156089,-0.46076269,17.55908219,5.46424431,-184.80805140
0.00000000,5.04147328,-0.00489760,-2.09970977,-0.48796980,17.37193170,5.38234451,-205.45559311
-0.00000000,5.02206171,-0.01119469,-2.10616020,-0.47841500,17.16169669,15.00976908,-221.79721325
0.00000000,5.00301565,-0.01384637,-2.10830981,-0.27745799,17.74212197,13.67147087,-218.89916773
0.00000000,4.98415430,-0.01598013,-2.11469415,-0.24871434,17.97060093,13.68454418,-226.97163751
-0.00000000,4.96462861,-0.01985351,-2.12084317,-0.20788280,17.85253417,12.63393634,-228.32595785
0.00000000,4.94554268,-0.02163728,-2.09819221,-0.25550289,18.19977276,10.13295302,-266.20904317
-0.00000000,4.92783076,-0.02030489,-2.12652067,-0.18200028,18.56680193,8.31631061,-298.14214292
-0.00000000,4.91038977,-0.01630724,-2.11537743,-0.31136380,18.30272749,9.90923092,-308.01751255
-0.00000000,4.89116927,-0.01821856,-2.09278033,-0.24083781,17.75975791,10.75188575,-293.67871991
-0.00000000,4.87170803,-0.01708355,-2.09951534,-0.19390813,17.87956851,13.68246382,-288.07656936
-0.00000000,4.85276003,-0.01183308,-2.10591364,-0.27774005,17.38979302,14.16207779,-303.51470353
0.00000000,4.83478396,-0.01281363,-2.09173119,-0.23494298,17.43456923,14.75219631,-288.08901649
-0.00000000,4.81614041,-0.00890994,-2.09244613,-0.10834728,17.36321372,15.69535076,-273.42355353
0.00000000,4.79763438,-0.01031425,-2.09239335,-0.11096533,17.77019390,18.22202211,-268.70499238
-0.00000000,4.77943117,-0.00761485,-2.09505619,-0.07613456,17.47667295,17.56103911,-277.66555272
-0.00000000,4.76170461,-0.00707827,-2.09097753,-0.19293656,17.47877069,16.41725944,-279.05049725
-0.00000000,4.74333397,0.00011471,-2.08064029,-0.24260774,17.59885409,16.64729072,-270.12152525
0.00000000,4.72586619,0.00086434,-2.08497933,-0.09572767,17.46091010,14.95812286,-269.99755398
0.00000000,4.70850782,0.00247394,-2.08820701,-0.00400437,17.47858141,14.72944838,-268.08990607
-0.00000000,4.68950629,0.00040833,-2.07135771,0.05010943,17.47158471,14.20125442,-248.10155703
-0.00000000,4.67109084,-0.00025487,-2.07425307,0.12651621,17.41581549,13.62719226,-247.15251199
-0.00000000,4.65420923,-0.00510471,-2.07163864,0.08740291,17.34423391,12.67868651,-266.09023596
-0.00000000,4.63615954,-0.00478733,-2.08773390,0.12637659,17.07894084,13.66302870,-265.58849021
-0.00000000,4.61898418,-0.00692828,-2.09035109,0.14004519,17.38210679,14.54806301,-254.88207113
0.00000000,4.60198746,-0.01039135,-2.09620134,0.33760170,17.34238012,11.66707234,-262.06657688
-0.00000000,4.58452604,-0.00845969,-2.10388641,0.32398879,17.64751313,11.96675918,-253.81846025
0.00000000,4.56684227,-0.01049070,-2.09391457,0.32655997,17.45956887,12.22026218,-246.46332659
0.00000000,4.54997303,-0.00842907,-2.09198738,0.33134007,17.00862437,12.84171368,-252.95109209
0.00000000,4.53253885,-0.00717145,-2.07926974,0.29823315,17.17173586,13.29829270,-255.83577719
0.00000000,4.51488359,-0.00327233,-2.09439600,0.21452812,17.58218869,16.30915444,-261.37068821
0.00000000,4.49860078,-0.00215643,-2.08050007,0.14596471,16.88249877,17.20940883,-248.29881116
-0.00000000,4.48179328,0.00163915,-2.06553433,0.28515320,17.00058057,13.24442150,-240.75844820
-0.00000000,4.46485841,0.00086108,-2.04798290,0.22009896,17.19334805,12.76995001,-240.39343112
-0.00000000,4.44824052,0.00205141,-2.04448319,0.22958382,17.37812546,9.89767290,-244.34527022
0.00000000,4.43208713,0.00638735,-2.05597799,0.21551039,17.35346328,12.46525613,-221.76096865
-0.00000000,4.41562768,0.00548787,-2.06936502,0.21125888,17.22026269,10.04014026,-247.95053567
0.00000000,4.39863348,0.00535587,-2.06994832,0.16324941,17.29850705,5.99963138,-235.56200781
0.00000000,4.38272515,0.00655585,-2.08248673,0.10346360,17.75977563,8.51841899,-263.90443057
-0.00000000,4.36702756,0.00332016,-2.08868306,0.07557139,17.39615790,7.46030226,-250.70898343
-0.00000000,4.35042362,0.00554888,-2.09139148,0.09392391,16.98538831,6.26721003,-241.46758555
-0.00000000,4.33438861,0.00310044,-2.10173762,0.12328030,17.26594615,7.41664531,-234.66164976
0.00000000,4.31771049,0.00052259,-2.10465782,0.15896656,16.65415554,4.52242621,-221.71388031
0.00000000,4.30116865,-0.00013725,-2.10625341,0.13354545,16.27083180,3.95805912,-222.26052215
-0.00000000,4.28467522,0.00236336,-2.10029910,0.11185465,16.43034130,4.06421458,-224.23404510
-0.00000000,4.26905119,0.00369255,-2.09057368,0.13581206,16.69215461,4.03721533,-219.29614685
0.00000000,4.25368209,0.00166336,-2.10249486,0.03151491,17.04547880,5.49760293,-211.29446677
-0.00000000,4.23736001,0.00312051,-2.09313422,0.05311147,17.23205951,4.73929606,-206.24167388
0.00000000,4.22200889,0.00198925,-2.09624295,0.05660954,17.35567164,8.21851492,-207.97009794
0.00000000,4.20603658,0.00593157,-2.08483862,0.05643739,17.43479192,10.77294408,-205.32433107
-0.00000000,4.19111238,0.00697415,-2.06987420,0.01057649,17.25407673,10.54038487,-210.62292614
0.00000000,4.17592826,0.01179025,-2.06332792,-0.03041042,17.34198307,12.96236570,-208.97583505
-0.00000000,4.16074604,0.00623195,-2.06807192,0.01542344,17.35694729,13.41522517,-220.76358386
0.00000000,4.14601694,0.00607357,-2.06877623,0.02596280,17.71488709,13.30835395,-227.29208801
0.00000000,4.13009307,0.00486378,-2.07953895,0.07417751,17.42241388,13.78092889,-233.32018791
-0.00000000,4.11546976,0.00446689,-2.10188710,0.09100252,17.39034262,12.44553692,-230.10954470
0.00000000,4.10101013,0.00435261,-2.10705227,0.08249985,17.17727980,10.51665324,-235.28047085
0.00000000,4.08600801,0.00562465,-2.11352974,0.00283350,17.10770426,10.66351310,-247.67397727
0.00000000,4.07105256,0.00841221,-2.12777941,-0.01536660,17.12162326,9.36481697,-240.50166735
-0.00000000,4.05666593,0.00767557,-2.12949879,-0.08588431,17.07993431,9.17825331,-241.60081180
-0.00000000,4.04116366,0.00449034,-2.12970654,-0.08881773,17.05942085,8.88078990,-239.94934315
-0.00000000,4.02644112,0.00300729,-2.11574607,-0.05264112,17.04065586,9.10972793,-232.14663058
0.00000000,4.01150974,0.00158274,-2.13210449,-0.00026985,17.03586503,7.11900152,-248.56461308
-0.00000000,3.99734455,0.00414074,-2.14387045,-0.02705393,17.42043573,7.59664452,-264.81333823
0.00000000,3.98329941,0.00540368,-2.14013540,-0.04208954,17.34409179,5.36722374,-271.76372816
0.00000000,3.96858599,0.00619101,-2.15363858,-0.06515486,17.23174175,4.82669346,-282.75165719
0.00000000,3.95437803,0.00855315,-2.15960499,-0.16518659,17.60854506,6.51220124,-282.66106173
-0.00000000,3.93945801,0.00814931,-2.16142118,-0.19305716,17.49186295,8.37154868,-279.99976899
0.00000000,3.92505110,0.00676494,-2.14923034,-0.24988770,17.54478899,8.10565537,-282.36773139
-0.00000000,3.91068234,0.00658473,-2.14405785,-0.20252961,17.62090977,8.42607701,-289.08079897
0.00000000,3.89693818,0.00537376,-2.14808620,-0.15758662,17.62987144,9.00719216,-291.99462991
0.00000000,3.88323467,0.00451872,-2.14486721,-0.17630317,17.83967915,7.34028906,-294.26497723
0.00000000,3.86971915,0.00391960,-2.14271854,-0.16175703,17.66375713,6.75613948,-292.03895322
-0.00000000,3.85561766,0.00376199,-2.13411004,-0.14145711,17.59833518,6.23677640,-290.28035477
0.00000000,3.84245564,0.00299996,-2.14267826,-0.17338849,17.71743672,4.95011123,-301.30816554
0.00000000,3.82885205,0.00277613,-2.12440726,-0.12963424,17.40507719,4.26460551,-299.69174053
0.00000000,3.81461434,0.00245770,-2.11714129,-0.10556742,17.18129044,4.52230477,-300.34137261
-0.00000000,3.80075458,0.00341797,-2.12589406,-0.04278296,17.26093867,4.32211825,-301.37562612
-0.00000000,3.78704735,0.00236143,-2.12588644,-0.06777656,17.27938599,3.11897784,-308.11948997
0.00000000,3.77364787,0.00218961,-2.13028538,-0.10021803,17.34791153,3.57116302,-313.77133295
-0.00000000,3.76071128,0.00269259,-2.12299684,-0.07441073,17.47055436,3.77656044,-318.39284687
-0.00000000,3.74797851,0.00556390,-2.11533028,-0.04353709,17.33767949,3.44143494,-310.10899119
0.00000000,3.73494767,0.00427977,-2.11393918,-0.00251482,17.25545170,2.60904800,-312.98750307
-0.00000000,3.72187555,0.00699528,-2.11814920,-0.05315855,17.04153800,3.44919250,-307.58912079
-0.00000000,3.70842527,0.00795781,-2.11616657,-0.03553669,17.01152179,3.04449280,-302.56644803
0.00000000,3.69588354,0.00630439,-2.10399588,-0.04852513,16.90126329,2.98007717,-305.68050656
0.00000000,3.68211716,0.00791318,-2.10973687,-0.05827474,16.78036957,2.91228081,-309.12956748
0.00000000,3.66918111,0.00706547,-2.10350850,-0.03661405,16.84787447,2.34764299,-310.41794345
-0.00000000,3.65602834,0.00784108,-2.11259549,-0.03994503,16.74377922,2.90066454,-308.53563293
0.00000000,3.64274819,0.00902567,-2.10681798,-0.05012323,16.53989068,2.52191616,-303.77169777
0.00000000,3.62940496,0.00900523,-2.09251977,-0.02381826,16.56755644,3.04139552,-304.71910189
-0.00000000,3.61678272,0.00911465,-2.08837849,-0.06756531,16.48326284,3.22520163,-304.99439095
0.00000000,3.60465413,0.00809571,-2.09570920,-0.07059069,16.59935639,3.23917258,-303.90089451
-0.00000000,3.59171556,0.00808458,-2.09227973,-0.04133956,16.72968945,2.60108840,-301.60076164
-0.00000000,3.57940919,0.00857186,-2.07571612,-0.03869501,16.55342847,2.75564633,-298.26089777
0.00000000,3.56722290,0.00765132,-2.08497959,-0.02297262,16.55398546,2.03654915,-294.22668662
-0.00000000,3.55486958,0.00660707,-2.07627690,-0.03249432,16.47856918,1.26324327,-291.74580311
0.00000000,3.54210931,0.00504267,-2.06808908,0.02402436,16.43371110,0.32191109,-293.47328532
-0.00000000,3.52952819,0.00493633,-2.07775367,0.04524339,16.30350219,-0.16888355,-292.39907557
-0.00000000,3.51721947,0.00557606,-2.08406197,0.01208785,16.30655611,1.23278509,-291.74936600
-0.00000000,3.50474851,0.00805455,-2.09467854,-0.00758957,16.25970990,1.10368997,-289.04615340
-0.00000000,3.49259439,0.00832265,-2.10095598,-0.01668702,16.25654272,0.74510701,-291.75679993
0.00000000,3.48113282,0.00869871,-2.10258725,-0.05448017,16.37623987,1.01500192,-294.35542950
-0.00000000,3.46879572,0.00738283,-2.10975246,-0.10983871,16.27890488,2.10438114,-291.68482998
-0.00000000,3.45743437,0.00598732,-2.10573537,-0.07512803,16.31425925,1.67501478,-292.98390311
0.00000000,3.44521010,0.00398259,-2.10150134,-0.10170101,16.26368945,1.60884620,-292.10373021
0.00000000,3.43333310,0.00196165,-2.09798854,-0.10508591,16.22697650,1.31329560,-294.11302813
0.00000000,3.42112285,0.00406143,-2.09350681,-0.13147210,16.32280404,2.33881855,-298.07210653
0.00000000,3.40882719,0.00493163,-2.08999355,-0.14456084,16.30186001,1.87633076,-297.60542262
0.00000000,3.39683581,0.00390568,-2.07636086,-0.18018310,16.02149030,2.13945180,-290.97192309
-0.00000000,3.38460529,0.00329712,-2.07211259,-0.16553783,15.99048207,2.74035849,-290.32705877
-0.00000000,3.37202940,0.00142743,-2.07544899,-0.16901719,16.20163325,3.67526211,-295.56805023
-0.00000000,3.36014628,0.00324765,-2.06783964,-0.19889359,16.22679040,4.48197807,-293.31401915
0.00000000,3.34854383,0.00618006,-2.06817140,-0.23135119,16.09056352,5.30102622,-290.69149907
0.00000000,3.33724846,0.00266057,-2.06777368,-0.20211882,16.10602037,3.71218685,-291.96082365
0.00000000,3.32566594,0.00038966,-2.07110687,-0.19375121,16.09411097,3.37831906,-293.25313954
0.00000000,3.31410473,-0.00267293,-2.07655065,-0.17820008,16.17925810,2.43520959,-291.14752880
-0.00000000,3.30326359,-0.00008077,-2.07752258,-0.18822339,16.02031832,2.33373073,-287.18907788
-0.00000000,3.29224270,-0.00100112,-2.08364364,-0.18951636,16.27448231,2.14541825,-292.14621755
-0.00000000,3.28050362,-0.00172789,-2.08644417,-0.19929204,16.30801332,2.88066035,-290.66086076
0.00000000,3.26950022,-0.00139828,-2.07916554,-0.16429932,16.39428727,2.01480915,-293.81615155
-0.00000000,3.25827054,-0.00077210,-2.07415778,-0.15529708,16.36555725,2.69666417,-295.32714151
-0.00000000,3.24804892,-0.00175496,-2.06545927,-0.14519638,16.31079784,2.34202498,-293.58466111
0.00000000,3.23700279,-0.00273782,-2.06087086,-0.14354884,16.23893088,2.23487426,-291.54970547
0.00000000,3.22593703,-0.00530844,-2.06704974,-0.12962707,16.22764995,1.87854924,-289.79053801
0.00000000,3.21431114,-0.00527599,-2.06015373,-0.13718727,16.23695749,2.19279982,-290.01689731
0.00000000,3.20376791,-0.00650734,-2.05640142,-0.12159170,16.31071377,2.10760756,-292.42852934
0.00000000,3.19280601,-0.00606888,-2.05566455,-0.11647646,16.16192829,2.17311129,-286.45363483
-0.00000000,3.18261241,-0.00649982,-2.06123702,-0.08252423,16.31721660,1.77083667,-286.32802147
-0.00000000,3.17244683,-0.00881740,-2.05260594,-0.06568357,16.17151486,0.99030158,-286.76506320
0.00000000,3.16169095,-0.00891227,-2.04607206,-0.03722964,16.20101126,1.26354473,-285.79591271
0.00000000,3.15109975,-0.00862696,-2.04696663,-0.02996839,16.19143553,0.25455895,-287.55984618
-0.00000000,3.14143342,-0.01013497,-2.04584459,0.00210949,16.17821403,0.07042331,-285.80184922
0.00000000,3.13079224,-0.00863028,-2.04341257,-0.01261391,16.17273556,1.00754428,-283.96809153
0.00000000,3.12037850,-0.00815665,-2.04757858,-0.01836409,16.23206258,1.29450606,-285.27226015
-0.00000000,3.10937186,-0.00903143,-2.04960230,-0.02461552,16.19740663,1.53277848,-285.51829365
-0.00000000,3.09913807,-0.00827459,-2.04839055,-0.03658812,16.26929700,2.09681852,-284.47942261
-0.00000000,3.08812895,-0.00837497,-2.04302852,-0.01732342,16.26662594,2.22962419,-282.20870330
0.00000000,3.07801130,-0.01013304,-2.05176234,0.00264387,16.42721643,2.67420517,-280.99677694
-0.00000000,3.06789817,-0.00784997,-2.05586142,0.01382891,16.38489733,1.71755352,-281.64761045
-0.00000000,3.05702539,-0.00667664,-2.04711474,0.01853320,16.23116907,1.26036769,-280.35264804
0.00000000,3.04719800,-0.00637050,-2.04951684,0.00664972,16.20634522,0.92172320,-280.91156208
0.00000000,3.03692195,-0.00805014,-2.05008136,-0.00944648,16.19355241,1.53037348,-282.05253314
-0.00000000,3.02682330,-0.00960805,-2.05278615,-0.00398288,16.15962281,1.44651549,-279.58390915
0.00000000,3.01663402,-0.00947975,-2.05597834,0.01891718,16.22136476,1.34696044,-280.94374282
0.00000000,3.00624360,-0.01129034,-2.05608177,0.03815295,16.21008334,1.38448277,-281.82166800
-0.00000000,2.99620852,-0.01046837,-2.06087304,0.03242836,16.12251210,1.28514541,-283.26227663
-0.00000000,2.98596849,-0.01106899,-2.05854651,0.03295019,16.04842667,0.78331914,-282.85092620
0.00000000,2.97648490,-0.01091082,-2.04927461,0.02968622,15.95637139,0.65094462,-283.85519868
0.00000000,2.96661231,-0.01064537,-2.04815918,0.00348918,15.93198268,0.90471980,-284.09305128
0.00000000,2.95723475,-0.01027785,-2.04677100,0.01788438,15.85532146,0.65830027,-282.65682460
0.00000000,2.94806543,-0.00928758,-2.04517374,0.00166476,15.80695498,0.80835716,-281.67202555
-0.00000000,2.93878366,-0.00849911,-2.04454333,0.01244410,15.90377852,0.99388819,-279.36005098
-0.00000000,2.92882581,-0.00656745,-2.04361346,0.03470070,15.83114965,0.63907714,-277.55613238
0.00000000,2.91904397,-0.00732961,-2.04335517,0.04291578,15.78513623,0.85432503,-276.65988361
0.00000000,2.90918223,-0.00803418,-2.04209015,0.05384908,15.73104680,0.46498776,-276.58494311
-0.00000000,2.89893766,-0.00891794,-2.04205797,0.04309027,15.75788445,0.91342812,-275.53088949
0.00000000,2.89009698,-0.00819795,-2.03886963,0.03974725,15.71515630,0.79297035,-274.97830281
-0.00000000,2.88064383,-0.00584922,-2.04089555,0.02287636,15.78311593,1.17113838,-277.44365943
-0.00000000,2.87141151,-0.00441201,-2.03674190,0.03166104,15.69644051,1.37489441,-276.68907423
0.00000000,2.86233726,-0.00395160,-2.03557696,0.01581363,15.74224255,1.70892811,-275.83854025
0.00000000,2.85305344,-0.00367098,-2.04033433,0.00934999,15.81077657,1.77299430,-278.64969830
-0.00000000,2.84419271,-0.00361900,-2.03467198,0.04344623,15.76369290,1.01643154,-277.80327084
-0.00000000,2.83536290,-0.00436498,-2.03215845,0.07192096,15.89490297,0.53926970,-278.15003801
0.00000000,2.82644871,-0.00492746,-2.02705098,0.04469960,15.87671310,0.91571153,-277.80390497
0.00000000,2.81732328,-0.00601451,-2.02308718,0.06513262,15.79009419,0.48454714,-275.72648041
0.00000000,2.80796740,-0.00637947,-2.02597996,0.05783040,15.67360086,0.64517213,-272.98247308
0.00000000,2.79875827,-0.00694036,-2.02922780,0.04539189,15.74905929,0.68885251,-274.09867692
-0.00000000,2.78918330,-0.00597153,-2.02716667,0.05779917,15.65265064,0.11293854,-272.04002490
-0.00000000,2.78058265,-0.00618335,-2.02209592,0.07349418,15.70732606,0.13804908,-272.92235033
0.00000000,2.77153562,-0.00665261,-2.02276146,0.06619842,15.69122329,0.21043354,-273.19694643
-0.00000000,2.76279060,-0.00794063,-2.02411810,0.05956618,15.71914473,0.32124111,-274.02618644
-0.00000000,2.75387042,-0.00845110,-2.02694069,0.04497671,15.71369506,0.52355639,-274.21805965
0.00000000,2.74529695,-0.01017662,-2.02367819,0.06744564,15.70450675,0.53040365,-273.21240712
-0.00000000,2.73699618,-0.01017735,-2.02463133,0.07537650,15.59254364,0.33885424,-271.47011464
-0.00000000,2.72856704,-0.01126645,-2.02068049,0.07502865,15.57320038,0.36202129,-271.20343887
0.00000000,2.72045800,-0.01344935,-2.02042060,0.08201914,15.52824309,0.30455115,-269.69625452
0.00000000,2.71208546,-0.01284610,-2.02098913,0.09402960,15.55107708,0.03631776,-269.68601787
-0.00000000,2.70353637,-0.01189168,-2.01250097,0.07777847,15.47039428,-0.00837681,-268.77852150
-0.00000000,2.69553582,-0.01303637,-2.01029031,0.09352220,15.50305505,-0.21976343,-268.75739329
-0.00000000,2.68686955,-0.01302427,-2.00915402,0.08578100,15.44820426,-0.24676377,-268.77403686
0.00000000,2.67794777,-0.01387053,-2.00591488,0.09890140,15.47853193,-0.36028530,-269.30271786
0.00000000,2.66934796,-0.01370724,-2.00510891,0.09838042,15.46024609,-0.39870461,-268.71698481
-0.00000000,2.66049682,-0.01134971,-2.00593261,0.09789873,15.48430898,-0.29403002,-268.49563264
0.00000000,2.65204338,-0.01219557,-2.00584510,0.10682675,15.52425296,-0.42237637,-268.95751146
-0.00000000,2.64400720,-0.01206674,-2.00401909,0.11036034,15.52862565,-0.34317972,-267.99290856
0.00000000,2.63590544,-0.01103351,-2.00443965,0.10525259,15.61334477,-0.12864887,-268.82482942
-0.00000000,2.62704699,-0.01151770,-2.00536838,0.10797202,15.59260021,-0.05712206,-268.66698799
0.00000000,2.61939076,-0.01148797,-2.00578836,0.11677966,15.56787479,-0.29258246,-267.89433567
-0.00000000,2.61107949,-0.00942259,-2.00896373,0.10867688,15.62870100,-0.00012183,-268.57241409
-0.00000000,2.60318618,-0.00994322,-2.01312354,0.08668908,15.71004578,0.15631657,-270.33955423
0.00000000,2.59482979,-0.00847326,-2.01435837,0.09344201,15.70129108,0.10416647,-271.28688173
-0.00000000,2.58679379,-0.01004373,-2.01844773,0.09292761,15.79024778,-0.26391007,-271.78211625
0.00000000,2.57859821,-0.00970428,-2.01721550,0.08925327,15.77088164,-0.14881838,-271.03505152
0.00000000,2.57004538,-0.00900597,-2.01214682,0.08088067,15.73037748,0.16894679,-270.85771358
-0.00000000,2.56280405,-0.00870052,-2.01023654,0.07019266,15.70633912,0.18937520,-269.83894413
-0.00000000,2.55526727,-0.00775653,-2.01051110,0.07171590,15.73530002,0.21265207,-269.51592096
-0.00000000,2.54736010,-0.00773758,-2.00739029,0.08813367,15.71928278,0.30285203,-267.96464561
-0.00000000,2.53932817,-0.00790163,-2.00614788,0.08116191,15.73650012,0.41320040,-267.96492683
0.00000000,2.53143161,-0.00936956,-2.00439607,0.07979115,15.75337434,0.34526922,-270.10735554
-0.00000000,2.52365262,-0.00784829,-2.00697023,0.05966333,15.75704467,0.39106923,-269.32181247
0.00000000,2.51560120,-0.00772534,-2.00507253,0.06255678,15.76744656,0.47820017,-267.98353551
-0.00000000,2.50775647,-0.00751868,-2.00362840,0.05725764,15.77045915,0.62592830,-267.76837997
-0.00000000,2.50049552,-0.00864704,-2.00075325,0.05893322,15.75248914,0.67576982,-267.39901266
-0.00000000,2.49314086,-0.00722846,-2.00123507,0.04200555,15.78889164,0.90842817,-267.27892957
0.00000000,2.48556091,-0.00862812,-2.00228238,0.03207824,15.76738112,1.04027266,-266.16800073
0.00000000,2.47817846,-0.00945484,-2.00694371,0.02579207,15.81725735,0.94738413,-266.89613100
0.00000000,2.47019042,-0.00914342,-2.00384367,0.00903580,15.82735232,1.00084489,-266.90620213
-0.00000000,2.46234481,-0.00930193,-1.99823813,0.02596791,15.83690707,0.78711195,-266.51611650
0.00000000,2.45502235,-0.00879485,-1.99677392,0.02642382,15.83087231,0.79419373,-267.26534428
0.00000000,2.44763563,-0.00968817,-1.99606598,0.01735672,15.88332055,1.17219657,-267.56226705
0.00000000,2.44030188,-0.00920724,-1.99780952,0.01047421,15.91996961,1.19179360,-267.42837108
-0.00000000,2.43303645,-0.01024617,-1.99573127,0.00941912,15.87588573,0.97496291,-266.49068912
0.00000000,2.42565997,-0.00904903,-1.99286444,0.02332356,15.84974360,0.78205322,-265.24863491
-0.00000000,2.41836835,-0.00904769,-1.99376331,0.00649846,15.87519837,0.77909018,-266.49429214
0.00000000,2.41109044,-0.01051933,-1.99331158,0.01482695,15.88251411,0.58691932,-266.09005508
0.00000000,2.40431340,-0.00936648,-1.99657609,0.02735643,15.91666937,0.45916200,-267.26353552
0.00000000,2.39698621,-0.01015143,-1.99684815,0.02640399,15.91827034,0.40971597,-267.91942512
-0.00000000,2.38976502,-0.00860336,-1.99550191,0.03018969,15.91542012,0.53529826,-267.34044903
-0.00000000,2.38281087,-0.00841383,-1.99290691,0.02078537,15.91381682,0.65341574,-266.83790404
0.00000000,2.37576724,-0.00914260,-1.99676972,0.04628249,15.94188956,0.21503027,-268.33525631
-0.00000000,2.36885856,-0.00954308,-1.99888783,0.04499781,15.94359000,0.20441811,-267.78717785
-0.00000000,2.36151185,-0.00900280,-1.99846343,0.04811016,15.93676389,0.15153807,-268.14777977
0.00000000,2.35458663,-0.00855811,-1.99612203,0.02839506,15.91126489,0.31934054,-268.15164225
-0.00000000,2.34770683,-0.00898609,-2.00072833,0.02380057,15.93618102,0.31792063,-269.29740556
0.00000000,2.34058038,-0.01002280,-2.00265645,0.02946128,15.99824219,0.32747828,-270.71579532
-0.00000000,2.33337052,-0.01002384,-2.00267387,0.03103150,16.01395125,0.24289838,-271.29959750
0.00000000,2.32694976,-0.00939183,-2.00316142,0.02693058,16.01664745,0.33766143,-271.13710831
0.00000000,2.32008292,-0.00880421,-2.00377679,0.02435733,16.01482387,0.53844141,-271.11256466
-0.00000000,2.31354952,-0.00762289,-2.00408146,0.01935355,16.03462638,0.52986147,-271.93814359
-0.00000000,2.30676870,-0.00880699,-2.00352157,0.02564407,16.04941187,0.43510521,-272.73142602
-0.00000000,2.30004828,-0.00758046,-2.00330485,0.03809292,16.04439940,0.30921486,-272.44426227
-0.00000000,2.29316104,-0.00903813,-2.00201702,0.04611376,16.05016212,0.20699020,-272.97931325
-0.00000000,2.28621469,-0.00971443,-2.00084087,0.04719437,16.03762266,0.10583935,-272.16698187
0.00000000,2.27941779,-0.00973838,-2.00383566,0.05172676,16.02192139,0.33021802,-271.36409015
-0.00000000,2.27295127,-0.00935733,-2.00572658,0.05021472,16.03532119,0.30606094,-271.34480074
-0.00000000,2.26662669,-0.00862306,-2.00773990,0.04967417,16.04705781,0.36312640,-271.82672199
0.00000000,2.26029027,-0.00856563,-2.00294891,0.04673031,16.02079121,0.22835065,-272.04613728
-0.00000000,2.25359192,-0.00920471,-2.00262074,0.06275007,16.00831892,0.03893494,-271.45578380
0.00000000,2.24665648,-0.00897371,-2.00196026,0.06169162,16.03445702,0.14364483,-271.59065610
0.00000000,2.23990754,-0.00850357,-1.99981696,0.06222728,16.03301345,-0.06490456,-271.92392293
0.00000000,2.23317124,-0.00870459,-1.99991282,0.07044038,16.01915630,-0.26166423,-271.64596780
0.00000000,2.22674723,-0.00978708,-2.00042658,0.06948166,15.94810488,-0.34923902,-270.83667739
-0.00000000,2.22007891,-0.00960788,-1.99747144,0.05377938,15.96381820,-0.18512596,-271.09722682
0.00000000,2.21353815,-0.01033871,-1.99584028,0.05023531,15.94289055,-0.11008990,-271.14108913
0.00000000,2.20732762,-0.00923790,-1.99699984,0.04605336,15.91224900,-0.09605741,-270.42487831
0.00000000,2.20087802,-0.01000670,-1.99918190,0.04678361,15.89380768,-0.26046991,-270.17901994
0.00000000,2.19450698,-0.01060589,-2.00088229,0.04709963,15.93268497,-0.33014633,-270.48380171
-0.00000000,2.18820814,-0.01103966,-2.00137110,0.05250063,15.92794388,-0.43338184,-270.37262889
0.00000000,2.18201342,-0.01124641,-2.00248493,0.05757993,15.93159017,-0.62287442,-270.25934851
0.00000000,2.17584452,-0.01110567,-2.00444415,0.05751899,15.95431036,-0.56082229,-270.54796332
0.00000000,2.16984342,-0.01158194,-2.00333955,0.06544927,15.99258891,-0.75015759,-271.36049234
0.00000000,2.16336614,-0.01164885,-2.00203992,0.06452812,15.99861006,-0.72830512,-271.17681911
-0.00000000,2.15729913,-0.01124152,-2.00284863,0.06094926,15.95379336,-0.68734717,-270.52480520
-0.00000000,2.15099205,-0.01037489,-2.00205574,0.05681965,15.94983656,-0.64567974,-270.75735247
-0.00000000,2.14491823,-0.01062997,-2.00142824,0.05610394,15.91651221,-0.63880233,-269.95789747
-0.00000000,2.13906402,-0.01083534,-1.99979331,0.05489115,15.90069588,-0.64889583,-269.72565852
-0.00000000,2.13307073,-0.01077510,-1.99838165,0.05973285,15.90341346,-0.73432166,-269.83158090
-0.00000000,2.12724316,-0.01180960,-1.99361618,0.06553538,15.88581666,-0.78194996,-269.20608926
-0.00000000,2.12154496,-0.01021060,-1.99289409,0.05243536,15.88519233,-0.58982740,-269.31655184
0.00000000,2.11580499,-0.01006255,-1.99585589,0.03100909,15.91505800,-0.42278072,-270.08384877
0.00000000,2.10999924,-0.00996729,-1.99516766,0.02892006,15.91675498,-0.32368076,-270.54672772
0.00000000,2.10431903,-0.00953367,-1.99700622,0.02956377,15.93532901,-0.26583918,-270.86948732
-0.00000000,2.09868081,-0.00891638,-1.99764589,0.03058401,15.92707955,-0.31562721,-270.88545263
0.00000000,2.09295957,-0.00838413,-1.99881229,0.02614426,15.95517693,-0.16998193,-271.15989084
-0.00000000,2.08744377,-0.00848944,-2.00084990,0.02120603,15.95938395,-0.15509079,-271.37797274
-0.00000000,2.08172101,-0.00859610,-2.00106565,0.03096234,15.96234884,-0.34619981,-271.69897998
-0.00000000,2.07600434,-0.00933459,-2.00113725,0.03423019,15.97693411,-0.42799941,-272.11335069
0.00000000,2.07028648,-0.01014152,-1.99992582,0.04296808,15.97508570,-0.58042801,-272.20601255
0.00000000,2.06431647,-0.00965414,-1.99560972,0.03835456,15.95482636,-0.49111442,-271.63196097
0.00000000,2.05845843,-0.01066335,-1.99451400,0.04859665,15.94058309,-0.66633581,-271.32013983
0.00000000,2.05284914,-0.01004013,-1.99395903,0.05145215,15.95735484,-0.78406800,-271.77796674
-0.00000000,2.04718537,-0.01000862,-1.99407305,0.05493015,15.95964690,-0.86056030,-271.73510894
-0.00000000,2.04197602,-0.01114582,-1.99182013,0.05231918,15.94623400,-0.86717422,-271.20095865
0.00000000,2.03648911,-0.01088593,-1.99117525,0.05245978,15.92902937,-0.89145529,-270.81118472
-0.00000000,2.03103037,-0.01087875,-1.99181506,0.04946742,15.95209821,-0.83517270,-271.15014680
0.00000000,2.02547719,-0.01041793,-1.98988582,0.04028207,15.93878902,-0.82461297,-270.86040619
-0.00000000,2.02011646,-0.00987367,-1.98711193,0.04120901,15.91544969,-0.87687501,-270.26642033
-0.00000000,2.01499787,-0.00891708,-1.98771495,0.04161554,15.94584491,-0.87158657,-270.94332573
-0.00000000,2.00923262,-0.00772639,-1.98872817,0.03385386,15.94334496,-0.72558128,-270.96025202
-0.00000000,2.00341498,-0.00745239,-1.98639648,0.03563679,15.89956006,-0.78303808,-270.25055776
0.00000000,1.99837655,-0.00701549,-1.98688870,0.03786099,15.88506587,-0.73151385,-270.04468164
-0.00000000,1.99315168,-0.00715209,-1.98777066,0.03872296,15.86603565,-0.72255874,-269.70144158
-0.00000000,1.98782040,-0.00716019,-1.98695013,0.03951212,15.84646964,-0.71459059,-269.33306440
0.00000000,1.98264961,-0.00811444,-1.98894335,0.03819897,15.86607111,-0.74196139,-269.50524846
-0.00000000,1.97734240,-0.00902706,-1.98747910,0.04527891,15.87784575,-0.88722796,-269.65819878
0.00000000,1.97198147,-0.00891311,-1.98702198,0.04457302,15.87375514,-0.81783221,-269.60953234
-0.00000000,1.96707865,-0.00867512,-1.98995666,0.04707319,15.90749223,-0.88085982,-270.20719482
0.00000000,1.96231159,-0.00910908,-1.98820503,0.04435612,15.92192402,-0.91656642,-270.37267312
0.00000000,1.95721250,-0.00811822,-1.98973047,0.04122055,15.95209292,-0.82857946,-271.05587847
-0.00000000,1.95195484,-0.00867391,-1.98985799,0.05012759,15.93403384,-0.95457822,-270.81603377
0.00000000,1.94713526,-0.00896454,-1.99025434,0.05039902,15.95946747,-0.97057315,-271.28123553
-0.00000000,1.94220435,-0.01001206,-1.99154645,0.05075279,15.97425784,-1.02554834,-271.64446919
0.00000000,1.93719042,-0.00949089,-1.99108085,0.03856649,15.97432455,-0.84240305,-271.59178366
0.00000000,1.93211507,-0.00883277,-1.99254258,0.03737827,15.98832649,-0.83695460,-272.04355454
-0.00000000,1.92699317,-0.00816087,-1.99356178,0.04033469,15.98950998,-0.87544296,-272.05822761
-0.00000000,1.92201961,-0.00817982,-1.99214648,0.03652874,15.97178969,-0.76815963,-271.72809601
-0.00000000,1.91700401,-0.00702646,-1.99297081,0.02981272,15.98326247,-0.63212019,-271.96276333
0.00000000,1.91201557,-0.00707699,-1.99165066,0.02885104,15.99019475,-0.64028270,-272.04632366
0.00000000,1.90698569,-0.00688442,-1.99031876,0.03497817,15.98138403,-0.72203490,-271.78501824
-0.00000000,1.90206144,-0.00753126,-1.99003565,0.04104507,15.97837354,-0.76723764,-271.63552563
-0.00000000,1.89774129,-0.00737006,-1.99588498,0.04212534,16.01591135,-0.78783801,-272.51165091
0.00000000,1.89324057,-0.00773176,-1.99585064,0.05391997,16.01751268,-0.93433728,-272.45545357
-0.00000000,1.88843810,-0.00778169,-1.99782611,0.05927603,16.03243215,-0.98340189,-272.74477076
-0.00000000,1.88343993,-0.00776931,-1.99819462,0.05677792,16.03619399,-0.97109368,-272.86040085
0.00000000,1.87879008,-0.00730432,-1.99690254,0.05081754,16.02640093,-0.90923246,-272.70509476
0.00000000,1.87400327,-0.00760494,-1.99546650,0.05546627,16.00880622,-0.99304748,-272.35154044
-0.00000000,1.86953652,-0.00756178,-1.99703052,0.04926605,16.01637153,-0.91902298,-272.45960289
0.00000000,1.86512400,-0.00762840,-1.99929038,0.05055222,16.04174498,-0.95155593,-273.05729130
-0.00000000,1.86050258,-0.00743381,-1.99850640,0.05376229,16.03041136,-0.99398433,-272.72679867
-0.00000000,1.85605741,-0.00683100,-2.00006701,0.05319058,16.05060804,-0.97733416,-273.20634230
-0.00000000,1.85157043,-0.00653353,-2.00040127,0.05606109,16.05524554,-1.00373320,-273.47117467
0.00000000,1.84706474,-0.00646932,-1.99924851,0.05716393,16.05438499,-1.02452619,-273.32755493
0.00000000,1.84213659,-0.00695926,-2.00089846,0.06100778,16.06711644,-1.06984216,-273.57898608
0.00000000,1.83782813,-0.00712294,-2.00139914,0.05904375,16.07562335,-1.02163592,-273.90728744
-0.00000000,1.83299975,-0.00682618,-2.00029536,0.05558815,16.04953013,-0.97884416,-273.31361616
0.00000000,1.82857177,-0.00688416,-2.00201579,0.05786654,16.06211299,-0.99866935,-273.54996291
-0.00000000,1.82431471,-0.00713831,-2.00391224,0.06136340,16.07320155,-1.01161711,-273.77175719
0.00000000,1.81987587,-0.00732215,-2.00387111,0.05948173,16.07389135,-0.99559881,-273.61084607
0.00000000,1.81559644,-0.00728634,-2.00398027,0.05504294,16.06556525,-0.93253377,-273.47961941
-0.00000000,1.81124082,-0.00722533,-2.00235740,0.05674612,16.04720374,-0.89678582,-273.13053746
0.00000000,1.80689289,-0.00728993,-2.00178083,0.06053513,16.03689050,-0.97721283,-272.88090952
0.00000000,1.80252247,-0.00759019,-2.00124142,0.06043573,16.02998659,-0.95917137,-272.85564370
0.00000000,1.79813511,-0.00769230,-2.00181911,0.05977775,16.02994849,-0.99903949,-272.89308164
-0.00000000,1.79353010,-0.00818781,-1.99935167,0.06512758,16.00128946,-1.07924241,-272.23767451
0.00000000,1.78937970,-0.00788119,-1.99807726,0.06781607,15.99347427,-1.10780610,-272.09037995
0.00000000,1.78499843,-0.00761750,-1.99997573,0.06535738,16.00949514,-1.09441855,-272.53996531
-0.00000000,1.78072204,-0.00690257,-2.00102589,0.05865152,16.02588161,-1.02230950,-272.79337153
0.00000000,1.77657643,-0.00706948,-2.00259136,0.05982100,16.04621530,-1.01250986,-273.34772271
-0.00000000,1.77213346,-0.00690444,-2.00225478,0.05928219,16.04175771,-1.00376221,-273.22611843
0.00000000,1.76764003,-0.00639101,-2.00126732,0.05836620,16.03070374,-1.00742495,-272.99371538
-0.00000000,1.76351383,-0.00565097,-1.99988027,0.05289378,16.01961188,-0.90641645,-272.75085801
0.00000000,1.75942113,-0.00557752,-1.99868187,0.05345392,16.01759610,-0.92486026,-272.62282432
0.00000000,1.75539075,-0.00518102,-1.99934149,0.05492061,16.01557919,-0.89903209,-272.52262246
0.00000000,1.75119099,-0.00615523,-1.99855868,0.05898904,16.00797143,-0.95523266,-272.39387112
0.00000000,1.74680167,-0.00618373,-1.99755960,0.06111738,15.99557760,-0.98320037,-272.06635928
-0.00000000,1.74274721,-0.00640590,-1.99668195,0.06163169,15.99717380,-0.98819230,-272.05707534
0.00000000,1.73811016,-0.00626681,-1.99553275,0.06038160,15.96444388,-0.96672859,-271.44393174
-0.00000000,1.73426098,-0.00645356,-1.99620798,0.06170790,15.96886426,-0.96153432,-271.51617067
0.00000000,1.73011210,-0.00712087,-1.99550355,0.05962584,15.96261842,-0.94374000,-271.36832080
-0.00000000,1.72595618,-0.00729032,-1.99477901,0.06099302,15.94900954,-0.99390962,-271.15600263
0.00000000,1.72165457,-0.00663629,-1.99322498,0.05447150,15.93717928,-0.89263814,-270.84434567
0.00000000,1.71768666,-0.00671187,-1.99161075,0.05868735,15.90967436,-0.93690777,-270.23262265
-0.00000000,1.71356369,-0.00657142,-1.99133042,0.05454799,15.91854702,-0.88052868,-270.48957695
0.00000000,1.70948125,-0.00670836,-1.99094846,0.05380353,15.91477841,-0.86749897,-270.39542487
-0.00000000,1.70561544,-0.00674083,-1.99092075,0.05198657,15.90329433,-0.81305582,-270.16978876
-0.00000000,1.70132307,-0.00670618,-1.99085064,0.05506669,15.89188494,-0.84567602,-269.94645308
-0.00000000,1.69729475,-0.00641656,-1.98984472,0.05234579,15.87647373,-0.80725814,-269.55804600
0.00000000,1.69324085,-0.00611967,-1.98933415,0.05022406,15.87840424,-0.76273981,-269.51583561
-0.00000000,1.68949931,-0.00624038,-1.98939152,0.05228932,15.87267248,-0.78673913,-269.33812955
0.00000000,1.68581205,-0.00630746,-1.98910768,0.05152897,15.86528223,-0.78957184,-269.24685469
0.00000000,1.68223848,-0.00605781,-1.98989839,0.04979628,15.86798176,-0.75931181,-269.28598019
0.00000000,1.67842728,-0.00611235,-1.99001773,0.05074100,15.85970943,-0.77869427,-269.16395758
-0.00000000,1.67450075,-0.00567140,-1.98893506,0.05014134,15.85251491,-0.77406532,-269.02745146
0.00000000,1.67048080,-0.00560982,-1.98770251,0.04864519,15.83805804,-0.74767107,-268.70022674
-0.00000000,1.66673940,-0.00577025,-1.98919829,0.04607213,15.85897361,-0.73135443,-269.12999024
-0.00000000,1.66316691,-0.00533159,-1.99034053,0.04453129,15.85935160,-0.71202864,-269.11551952
-0.00000000,1.65919253,-0.00562136,-1.99009231,0.04368847,15.85368715,-0.71017751,-269.03003410
-0.00000000,1.65541123,-0.00552923,-1.99052140,0.04059847,15.85723656,-0.65724850,-269.09814167
-0.00000000,1.65140356,-0.00534860,-1.99126220,0.04037741,15.87282540,-0.65133876,-269.43033820
-0.00000000,1.64775295,-0.00490602,-1.99021490,0.03863518,15.86575520,-0.63277717,-269.20663971
-0.00000000,1.64438744,-0.00533855,-1.99083352,0.04362809,15.88413293,-0.70190856,-269.59159620
0.00000000,1.64059463,-0.00577997,-1.99046266,0.04462365,15.87661174,-0.73383652,-269.44162691
0.00000000,1.63688517,-0.00539292,-1.98933427,0.04181847,15.86758852,-0.67368540,-269.25415120
-0.00000000,1.63328287,-0.00560827,-1.98826191,0.04320392,15.85486961,-0.68721562,-268.95088649
-0.00000000,1.62965936,-0.00510948,-1.98960010,0.03891380,15.86449871,-0.61842153,-269.15822172
0.00000000,1.62620334,-0.00544905,-1.99095233,0.04298856,15.88101686,-0.67044211,-269.48784766
0.00000000,1.62252614,-0.00602920,-1.99008186,0.04237105,15.87744779,-0.66401211,-269.35445616
0.00000000,1.61891123,-0.00624095,-1.98998530,0.04302981,15.87657617,-0.68282040,-269.34038878
-0.00000000,1.61533776,-0.00589721,-1.99052167,0.04067353,15.87264352,-0.66210916,-269.32769606
0.00000000,1.61156880,-0.00574805,-1.99036052,0.03747400,15.87155533,-0.61264522,-269.33254030
0.00000000,1.60792880,-0.00603918,-1.98901242,0.03904779,15.86615765,-0.63176360,-269.16117455
-0.00000000,1.60443402,-0.00590868,-1.99023519,0.03905282,15.87009668,-0.61806289,-269.34466638
-0.00000000,1.60076898,-0.00629249,-1.99116518,0.04085439,15.87619457,-0.65163118,-269.48455629
0.00000000,1.59748566,-0.00675531,-1.99151287,0.04501722,15.87532443,-0.70891324,-269.45201280
-0.00000000,1.59397107,-0.00683621,-1.99205236,0.04338000,15.87362597,-0.72697010,-269.38773042
0.00000000,1.59055270,-0.00677248,-1.99334154,0.04330524,15.88962796,-0.71505944,-269.73190403
-0.00000000,1.58706271,-0.00595917,-1.99334181,0.03826614,15.88487266,-0.63095661,-269.65930351
-0.00000000,1.58345170,-0.00594199,-1.99218893,0.03587030,15.87684841,-0.60608102,-269.43931667
0.00000000,1.57984090,-0.00527936,-1.99148901,0.03177792,15.86517695,-0.54405686,-269.17840322
-0.00000000,1.57638742,-0.00472349,-1.99127264,0.02759649,15.86127373,-0.47434056,-269.09479143
0.00000000,1.57308406,-0.00481636,-1.99170889,0.02834666,15.86540920,-0.48378544,-269.16918256
0.00000000,1.56977741,-0.00480103,-1.99163062,0.02743606,15.87286769,-0.46895162,-269.35270034
-0.00000000,1.56641960,-0.00456904,-1.99202975,0.02537370,15.87519451,-0.44122116,-269.41377448
-0.00000000,1.56302089,-0.00465093,-1.99124323,0.02789539,15.86712925,-0.47992530,-269.17270808
-0.00000000,1.55960640,-0.00431841,-1.99296444,0.02919729,15.88103202,-0.50265955,-269.45514374
-0.00000000,1.55633732,-0.00381679,-1.99243082,0.02818339,15.88367598,-0.47882050,-269.48398939
-0.00000000,1.55297183,-0.00387359,-1.99258777,0.02642877,15.88728943,-0.45525331,-269.53173277
0.00000000,1.54970562,-0.00399176,-1.99272504,0.02486579,15.88880824,-0.43562124,-269.61286604
0.00000000,1.54662628,-0.00402115,-1.99428349,0.02444434,15.90215997,-0.42320534,-269.89848546
0.00000000,1.54341978,-0.00357767,-1.99486962,0.02304096,15.91353021,-0.40523820,-270.12395132
0.00000000,1.54020037,-0.00365088,-1.99448735,0.02301049,15.91194085,-0.40667254,-270.09657781
-0.00000000,1.53699030,-0.00427843,-1.99395129,0.02891335,15.90731854,-0.50191588,-269.98623500
0.00000000,1.53378243,-0.00396664,-1.99330149,0.02744492,15.90323152,-0.47883606,-269.87711331
0.00000000,1.53073002,-0.00318548,-1.99285230,0.02200821,15.90289997,-0.39488196,-269.88663890
0.00000000,1.52749527,-0.00285932,-1.99248347,0.02049129,15.89209618,-0.35406693,-269.65748231
-0.00000000,1.52456238,-0.00298915,-1.99333936,0.02376094,15.90557073,-0.40172110,-269.95421899
-0.00000000,1.52154680,-0.00343971,-1.99386577,0.02670533,15.91387940,-0.44760830,-270.16559646
0.00000000,1.51868695,-0.00361598,-1.99367067,0.02760754,15.91213287,-0.46429930,-270.13970453
0.00000000,1.51580434,-0.00363630,-1.99449423,0.02748367,15.92425762,-0.46500594,-270.41487523
0.00000000,1.51265265,-0.00366471,-1.99520679,0.02752616,15.92720278,-0.45863494,-270.47552326
0.00000000,1.50949195,-0.00375291,-1.99509067,0.02529497,15.92857118,-0.40731951,-270.49977337
0.00000000,1.50650997,-0.00360898,-1.99547131,0.02719991,15.93245789,-0.43433166,-270.59619825
0.00000000,1.50345221,-0.00380140,-1.99591140,0.02853313,15.93628498,-0.45732873,-270.68078554
-0.00000000,1.50038541,-0.00393393,-1.99619674,0.02866184,15.94053004,-0.45830757,-270.79172584
0.00000000,1.49732028,-0.00382266,-1.99581247,0.03084612,15.93390569,-0.48097609,-270.63730245
0.00000000,1.49406289,-0.00359055,-1.99574687,0.02983024,15.92940953,-0.46009928,-270.52546569
0.00000000,1.49099762,-0.00352196,-1.99581997,0.03045868,15.92683155,-0.47134138,-270.48020977
0.00000000,1.48794504,-0.00398546,-1.99619497,0.03379895,15.92871518,-0.52255183,-270.52011953
-0.00000000,1.48486864,-0.00424293,-1.99589394,0.03427920,15.92581098,-0.53434913,-270.42263094
-0.00000000,1.48195646,-0.00390923,-1.99558166,0.03034520,15.92106993,-0.46975525,-270.34854278
-0.00000000,1.47885434,-0.00364697,-1.99459220,0.02873653,15.90852777,-0.43422326,-270.08534490
-0.00000000,1.47591515,-0.00363159,-1.99416382,0.02813586,15.90642511,-0.42028997,-270.03841360
0.00000000,1.47280235,-0.00374004,-1.99349522,0.02740564,15.90014016,-0.42309352,-269.87654689
-0.00000000,1.47012503,-0.00355856,-1.99374133,0.02688915,15.90494591,-0.41546448,-269.99839604
-0.00000000,1.46714573,-0.00337218,-1.99378542,0.02673539,15.90452259,-0.41604799,-269.99929399
-0.00000000,1.46428897,-0.00315911,-1.99413788,0.02487914,15.90984342,-0.38873756,-270.10095051
0.00000000,1.46140019,-0.00348891,-1.99404300,0.02514638,15.90913222,-0.39491031,-270.10093853
-0.00000000,1.45888029,-0.00353299,-1.99512645,0.02534749,15.92320633,-0.39336382,-270.41149029
-0.00000000,1.45607146,-0.00334487,-1.99495664,0.02225021,15.92286964,-0.34856860,-270.40638017
-0.00000000,1.45320150,-0.00330094,-1.99508634,0.02135789,15.92676919,-0.33795238,-270.48204929
-0.00000000,1.45037252,-0.00315902,-1.99468632,0.02054992,15.92356238,-0.31898398,-270.41968616
-0.00000000,1.44761379,-0.00279029,-1.99438818,0.01861442,15.92057411,-0.28076372,-270.34650100
0.00000000,1.44481839,-0.00262915,-1.99412112,0.01690853,15.91644493,-0.25836271,-270.25618908
-0.00000000,1.44206268,-0.00236081,-1.99434202,0.01482340,15.91720405,-0.22866465,-270.26956245
0.00000000,1.43938405,-0.00246145,-1.99431026,0.01476855,15.91854327,-0.23344428,-270.31966651
0.00000000,1.43654033,-0.00223337,-1.99444471,0.01321776,15.91889318,-0.21101992,-270.33213834
0.00000000,1.43370493,-0.00213643,-1.99312327,0.01304687,15.90568832,-0.20954880,-270.03548717
0.00000000,1.43093099,-0.00222855,-1.99334603,0.01457222,15.90724001,-0.22768007,-270.05811682
0.00000000,1.42830720,-0.00196432,-1.99407249,0.01341211,15.91894520,-0.21350497,-270.30898097
0.00000000,1.42562375,-0.00220522,-1.99376042,0.01311119,15.91591751,-0.21475119,-270.23907998
-0.00000000,1.42304268,-0.00244279,-1.99417392,0.01291057,15.92164299,-0.21224826,-270.35768507
0.00000000,1.42046643,-0.00201018,-1.99485949,0.00924277,15.93007498,-0.16115094,-270.53865930
0.00000000,1.41789548,-0.00176292,-1.99508529,0.00769115,15.93180140,-0.13419027,-270.57384094
-0.00000000,1.41522406,-0.00169129,-1.99450616,0.00649380,15.92405125,-0.11279944,-270.40387648
-0.00000000,1.41258362,-0.00210297,-1.99460404,0.00818426,15.92652694,-0.14449193,-270.43814367
-0.00000000,1.41004353,-0.00207170,-1.99498998,0.00785260,15.93379253,-0.13652382,-270.58584982
0.00000000,1.40728100,-0.00213728,-1.99468452,0.00923527,15.92651548,-0.15686562,-270.43096679
-0.00000000,1.40484080,-0.00179285,-1.99547075,0.00771000,15.93761265,-0.12925558,-270.68452637
0.00000000,1.40221839,-0.00177690,-1.99601532,0.00833983,15.94261318,-0.12791455,-270.79787549
-0.00000000,1.39965895,-0.00198219,-1.99569863,0.01123508,15.93910402,-0.17234867,-270.73500850
0.00000000,1.39711704,-0.00207984,-1.99559543,0.01098639,15.93867567,-0.17240459,-270.71655291
-0.00000000,1.39463981,-0.00223584,-1.99584662,0.01268585,15.94090092,-0.19842534,-270.76165989
0.00000000,1.39224016,-0.00194493,-1.99587537,0.01145023,15.94067027,-0.18124606,-270.76261957
-0.00000000,1.38981441,-0.00200713,-1.99585283,0.01014184,15.93987337,-0.16565862,-270.75529756
-0.00000000,1.38740063,-0.00177869,-1.99693661,0.00808675,15.95063322,-0.12829236,-270.99594804
-0.00000000,1.38482804,-0.00169383,-1.99666255,0.00707777,15.94861791,-0.10681397,-270.94440873
-0.00000000,1.38243587,-0.00155806,-1.99675198,0.00568188,15.95036514,-0.08720133,-270.99651948
0.00000000,1.37991747,-0.00178004,-1.99649554,0.00741772,15.94837845,-0.11500823,-270.95017048
0.00000000,1.37750732,-0.00194466,-1.99684551,0.00775171,15.95157280,-0.12530606,-271.02388150
-0.00000000,1.37491366,-0.00208012,-1.99622751,0.00606487,15.94626715,-0.10120985,-270.89841924
0.00000000,1.37245624,-0.00207036,-1.99579008,0.00743925,15.93945955,-0.12652127,-270.75239957
0.00000000,1.37011946,-0.00203320,-1.99667803,0.00691607,15.95171403,-0.11782440,-271.02405822
0.00000000,1.36780312,-0.00209801,-1.99781022,0.00863180,15.96303554,-0.13963947,-271.27059326
-0.00000000,1.36545776,-0.00214521,-1.99738060,0.00946133,15.95732477,-0.14811680,-271.13161560
-0.00000000,1.36326639,-0.00237494,-1.99811294,0.01029735,15.96347397,-0.16362844,-271.26888953
0.00000000,1.36075901,-0.00243242,-1.99761036,0.01125369,15.95909211,-0.17990722,-271.15221842
-0.00000000,1.35839640,-0.00212743,-1.99742416,0.00975646,15.95934351,-0.15130138,-271.17016074
-0.00000000,1.35581861,-0.00188387,-1.99666968,0.00861969,15.95207792,-0.13622334,-270.99536324
0.00000000,1.35342371,-0.00177725,-1.99659317,0.00775566,15.95044726,-0.11983610,-270.94845270
0.00000000,1.35122137,-0.00164402,-1.99723182,0.00594723,15.95765626,-0.09371865,-271.10842775
0.00000000,1.34899662,-0.00200044,-1.99738298,0.00819287,15.96170470,-0.13052566,-271.19504541
0.00000000,1.34655910,-0.00189269,-1.99620952,0.00713332,15.94772731,-0.11610252,-270.88183219
0.00000000,1.34436786,-0.00186684,-1.99662430,0.00592733,15.95202572,-0.10491099,-270.97401739
-0.00000000,1.34193305,-0.00196762,-1.99639840,0.00633017,15.95118465,-0.11273789,-270.94305736
-0.00000000,1.33965177,-0.00188667,-1.99709839,0.00709345,15.95756373,-0.13043582,-271.09342288
-0.00000000,1.33745882,-0.00180171,-1.99754374,0.00658267,15.96523246,-0.12286147,-271.25856185
0.00000000,1.33499745,-0.00175419,-1.99704536,0.00599174,15.95886780,-0.11282425,-271.11192287
0.00000000,1.33275237,-0.00187116,-1.99752226,0.00735488,15.96426920,-0.13335282,-271.23210523
-0.00000000,1.33053262,-0.00211284,-1.99761535,0.00884578,15.96634272,-0.15814866,-271.27689428
-0.00000000,1.32823739,-0.00177699,-1.99724858,0.00695974,15.96148856,-0.12161718,-271.17644617
-0.00000000,1.32611296,-0.00179964,-1.99786775,0.00755962,15.96933109,-0.13160468,-271.34322912
-0.00000000,1.32393364,-0.00179785,-1.99826538,0.00763277,15.97326477,-0.13595942,-271.42551080
0.00000000,1.32167849,-0.00169925,-1.99812773,0.00743959,15.97208258,-0.13346447,-271.39667254
-0.00000000,1.31953882,-0.00180331,-1.99798984,0.00803986,15.97013319,-0.14490965,-271.35479899
0.00000000,1.31735539,-0.00185085,-1.99734705,0.00772961,15.96164600,-0.14294956,-271.16631076
-0.00000000,1.31535559,-0.00186124,-1.99756647,0.00805512,15.96557600,-0.14888823,-271.25415266
0.00000000,1.31329373,-0.00170005,-1.99799784,0.00724758,15.97236445,-0.13882599,-271.40688887
-0.00000000,1.31110751,-0.00197388,-1.99814439,0.00889280,15.97296243,-0.16701659,-271.42180105
0.00000000,1.30892950,-0.00211912,-1.99820066,0.00984751,15.97288353,-0.17922035,-271.42481210
0.00000000,1.30664064,-0.00223242,-1.99788059,0.01042693,15.96801254,-0.18823475,-271.30938810
-0.00000000,1.30439514,-0.00211329,-1.99724730,0.00987058,15.96003187,-0.17844907,-271.12312990
-0.00000000,1.30212050,-0.00216252,-1.99674565,0.01045648,15.95454056,-0.18706025,-270.99205230
0.00000000,1.29986891,-0.00218138,-1.99578605,0.00974229,15.94319713,-0.17944061,-270.73690558
0.00000000,1.29776471,-0.00227307,-1.99565573,0.01042950,15.94198188,-0.18936231,-270.70818032
0.00000000,1.29563228,-0.00213442,-1.99640647,0.01048953,15.94981659,-0.18872348,-270.88228193
0.00000000,1.29351459,-0.00213795,-1.99626042,0.01054092,15.94786488,-0.18449994,-270.83966409
0.00000000,1.29144928,-0.00194988,-1.99624643,0.01020605,15.94689029,-0.17693929,-270.81807112
0.00000000,1.28951484,-0.00157658,-1.99654539,0.00841621,15.95044183,-0.14707488,-270.89424124
0.00000000,1.28749847,-0.00163432,-1.99646421,0.00858688,15.94986660,-0.14856779,-270.88372174
0.00000000,1.28529174,-0.00164912,-1.99588306,0.00852717,15.94449042,-0.14784340,-270.76286246
-0.00000000,1.28328952,-0.00166969,-1.99557998,0.00853000,15.94258216,-0.15107315,-270.71924424
-0.00000000,1.28132309,-0.00160465,-1.99635923,0.00828123,15.94896255,-0.14730584,-270.86672269
-0.00000000,1.27927755,-0.00154713,-1.99617785,0.00786057,15.94752912,-0.13924539,-270.83609047
-0.00000000,1.27714321,-0.00128366,-1.99514381,0.00637016,15.93638987,-0.11382917,-270.58023177
-0.00000000,1.27522526,-0.00113449,-1.99501192,0.00539415,15.93529785,-0.09938253,-270.55501783
0.00000000,1.27316680,-0.00108057,-1.99504006,0.00543993,15.93454468,-0.09823065,-270.53768808
-0.00000000,1.27122221,-0.00111207,-1.99450712,0.00584690,15.93030555,-0.10621600,-270.43572561
0.00000000,1.26936378,-0.00105540,-1.99456278,0.00688377,15.93154766,-0.11896308,-270.46348135
0.00000000,1.26737712,-0.00123542,-1.99449419,0.00817017,15.93136617,-0.14126082,-270.45293750
-0.00000000,1.26535008,-0.00140079,-1.99421022,0.00976104,15.92719799,-0.16701418,-270.35805397
0.00000000,1.26334675,-0.00159678,-1.99424630,0.01118528,15.92830389,-0.18790943,-270.38028846
0.00000000,1.26139555,-0.00185804,-1.99388253,0.01231537,15.92552497,-0.20831786,-270.31293930
0.00000000,1.25955618,-0.00179105,-1.99417840,0.01188691,15.92826718,-0.19962397,-270.37505296
0.00000000,1.25764235,-0.00179011,-1.99442074,0.01200702,15.93076543,-0.20000316,-270.43408760
0.00000000,1.25581017,-0.00157189,-1.99389659,0.01107815,15.92433379,-0.18416516,-270.29024235
-0.00000000,1.25386127,-0.00163748,-1.99382780,0.01151969,15.92287817,-0.19018240,-270.25912661
0.00000000,1.25201988,-0.00147861,-1.99417673,0.01098270,15.92666808,-0.18123276,-270.34247749
-0.00000000,1.25017960,-0.00190251,-1.99405329,0.01309646,15.92589968,-0.21902406,-270.32606592
0.00000000,1.24827891,-0.00170098,-1.99402489,0.01179547,15.92453130,-0.19539326,-270.29969887
-0.00000000,1.24633691,-0.00171013,-1.99375832,0.01134113,15.92119525,-0.18803183,-270.22814985
0.00000000,1.24466181,-0.00165851,-1.99417110,0.01104808,15.92675283,-0.18249252,-270.35208180
-0.00000000,1.24285981,-0.00130340,-1.99447979,0.00895658,15.92974748,-0.14860786,-270.41919177
-0.00000000,1.24093922,-0.00115513,-1.99458363,0.00863343,15.93024342,-0.14100015,-270.43186263
0.00000000,1.23910919,-0.00135058,-1.99477260,0.00979962,15.93201223,-0.16194412,-270.47624915
0.00000000,1.23732404,-0.00160161,-1.99476550,0.01104057,15.93124904,-0.18316897,-270.46096902
0.00000000,1.23550851,-0.00162898,-1.99482433,0.01114887,15.93152729,-0.18430841,-270.46431694
0.00000000,1.23362164,-0.00159794,-1.99471479,0.01140342,15.92949138,-0.19003887,-270.41744531
0.00000000,1.23198083,-0.00134307,-1.99506622,0.01016602,15.93505005,-0.16953275,-270.54291389
0.00000000,1.23014319,-0.00134378,-1.99430118,0.01067271,15.92712927,-0.17726092,-270.36008254
0.00000000,1.22831967,-0.00131357,-1.99447961,0.01016466,15.92829580,-0.16963542,-270.38980612
-0.00000000,1.22651239,-0.00116439,-1.99386603,0.00903311,15.92184674,-0.15057201,-270.24387956
0.00000000,1.22474724,-0.00119523,-1.99404108,0.00871360,15.92374996,-0.14482392,-270.28539313
0.00000000,1.22303488,-0.00105562,-1.99437642,0.00799544,15.92862673,-0.13353938,-270.39448713
0.00000000,1.22126172,-0.00113890,-1.99433982,0.00840932,15.92793617,-0.14065369,-270.37942383
-0.00000000,1.21973117,-0.00119833,-1.99527395,0.00852812,15.93958889,-0.14272441,-270.64270313
0.00000000,1.21812381,-0.00115188,-1.99591509,0.00827282,15.94614763,-0.13875638,-270.79135043
-0.00000000,1.21632462,-0.00136802,-1.99535928,0.00978058,15.94040633,-0.16365543,-270.66207487
-0.00000000,1.21452667,-0.00124189,-1.99491020,0.00910076,15.93566115,-0.15123805,-270.55342490
0.00000000,1.21271112,-0.00153304,-1.99500237,0.01037067,15.93715790,-0.17183963,-270.58622703
-0.00000000,1.21093051,-0.00140694,-1.99486531,0.01043816,15.93515355,-0.17132203,-270.54386578
0.00000000,1.20931520,-0.00115838,-1.99508038,0.00880251,15.93808094,-0.14368847,-270.61098623
0.00000000,1.20765341,-0.00099756,-1.99516071,0.00813596,15.93852671,-0.13153849,-270.62433179
0.00000000,1.20601130,-0.00091647,-1.99474136,0.00799158,15.93363761,-0.12932231,-270.51401549
-0.00000000,1.20451325,-0.00081803,-1.99548539,0.00711318,15.94328822,-0.11345774,-270.73016750
-0.00000000,1.20288171,-0.00095652,-1.99542586,0.00769256,15.94333031,-0.12343259,-270.73097546
-0.00000000,1.20131381,-0.00078488,-1.99611199,0.00648302,15.95059044,-0.10429897,-270.89430097
0.00000000,1.19964982,-0.00066022,-1.99566639,0.00578407,15.94572179,-0.09215940,-270.78392781
0.00000000,1.19798225,-0.00059614,-1.99560328,0.00515377,15.94534008,-0.08137469,-270.77632273
-0.00000000,1.19630488,-0.00061362,-1.99536596,0.00586566,15.94239178,-0.09250408,-270.70673153
-0.00000000,1.19463648,-0.00067947,-1.99559368,0.00659641,15.94473294,-0.10430797,-270.76042157
-0.00000000,1.19324525,-0.00050903,-1.99627785,0.00529964,15.95215475,-0.08270795,-270.92982659
0.00000000,1.19150930,-0.00048856,-1.99568432,0.00519187,15.94526432,-0.08111147,-270.77273706
-0.00000000,1.18983993,-0.00036886,-1.99536698,0.00482559,15.94191600,-0.07472059,-270.69605003
0.00000000,1.18835933,-0.00042452,-1.99600230,0.00502238,15.94956997,-0.07946487,-270.86891507
0.00000000,1.18674695,-0.00032930,-1.99609561,0.00497112,15.95023614,-0.07824423,-270.88315190
0.00000000,1.18510894,-0.00025528,-1.99575687,0.00463558,15.94727061,-0.07433873,-270.81592095
-0.00000000,1.18354726,-0.00034584,-1.99566224,0.00523274,15.94612459,-0.08443922,-270.78953325
0.00000000,1.18189849,-0.00022456,-1.99556792,0.00495819,15.94423365,-0.08001499,-270.74742835
-0.00000000,1.18018830,-0.00034685,-1.99498173,0.00588951,15.93731204,-0.09532602,-270.59017206
0.00000000,1.17852138,-0.00052233,-1.99461534,0.00679099,15.93320389,-0.11176549,-270.49458693
-0.00000000,1.17703553,-0.00070940,-1.99475067,0.00791862,15.93513705,-0.13048665,-270.53593626
0.00000000,1.17558788,-0.00084000,-1.99505534,0.00862542,15.93857364,-0.14149429,-270.61276195
-0.00000000,1.17411887,-0.00078046,-1.99542558,0.00788514,15.94340110,-0.12940249,-270.72119482
0.00000000,1.17243002,-0.00095226,-1.99481488,0.00868741,15.93619843,-0.14395498,-270.55750338
0.00000000,1.17083267,-0.00082743,-1.99474755,0.00778586,15.93546250,-0.12995438,-270.54062735
0.00000000,1.16941605,-0.00080292,-1.99459061,0.00776527,15.93367050,-0.12929049,-270.50123375
-0.00000000,1.16798360,-0.00097169,-1.99460358,0.00860328,15.93394936,-0.14376685,-270.50705620
0.00000000,1.16650680,-0.00091635,-1.99461180,0.00849889,15.93426422,-0.14163787,-270.51539750
-0.00000000,1.16505947,-0.00092792,-1.99480215,0.00846684,15.93653012,-0.14136785,-270.56719555
0.00000000,1.16360014,-0.00083882,-1.99480731,0.00790871,15.93639084,-0.13278461,-270.56320648
0.00000000,1.16219514,-0.00087578,-1.99498266,0.00815664,15.93832520,-0.13714152,-270.60597896
0.00000000,1.16070921,-0.00079082,-1.99491702,0.00752766,15.93754023,-0.12665827,-270.58739932
0.00000000,1.15935869,-0.00075895,-1.99501121,0.00751852,15.93892341,-0.12622075,-270.61999172
-0.00000000,1.15778527,-0.00082040,-1.99457588,0.00771806,15.93359371,-0.12952990,-270.49732078
-0.00000000,1.15634176,-0.00081740,-1.99442243,0.00769945,15.93155176,-0.12911331,-270.45136240
-0.00000000,1.15496114,-0.00086601,-1.99459762,0.00787111,15.93420861,-0.13288404,-270.51100452
0.00000000,1.15352150,-0.00083466,-1.99468028,0.00778879,15.93532166,-0.13225641,-270.53651395
-0.00000000,1.15220946,-0.00070032,-1.99518013,0.00712042,15.94095575,-0.12098581,-270.66429644
-0.00000000,1.15086497,-0.00076917,-1.99552901,0.00767977,15.94478407,-0.13015251,-270.75008423
-0.00000000,1.14961501,-0.00064053,-1.99571126,0.00681186,15.94754779,-0.11548426,-270.81340440
0.00000000,1.14828759,-0.00082618,-1.99615819,0.00760191,15.95309953,-0.12971281,-270.93967109
0.00000000,1.14680689,-0.00074682,-1.99590907,0.00732568,15.95048960,-0.12473886,-270.88121539
0.00000000,1.14529424,-0.00091404,-1.99542496,0.00864927,15.94498677,-0.14672113,-270.75606393
0.00000000,1.14390899,-0.00087268,-1.99523013,0.00840436,15.94267315,-0.14213229,-270.70347336
-0.00000000,1.14253628,-0.00083232,-1.99518909,0.00786880,15.94240561,-0.13323302,-270.69778117
0.00000000,1.14112479,-0.00095114,-1.99500249,0.00854015,15.94036319,-0.14417101,-270.65101767
-0.00000000,1.13958166,-0.00116086,-1.99437566,0.00959348,15.93286241,-0.16168384,-270.48094691
0.00000000,1.13824415,-0.00126011,-1.99463533,0.01021963,15.93561182,-0.17163580,-270.54271991
0.00000000,1.13688372,-0.00130146,-1.99455331,0.01036125,15.93470924,-0.17426076,-270.52225903
-0.00000000,1.13552806,-0.00129535,-1.99452277,0.01012995,15.93420525,-0.17041739,-270.51006761
0.00000000,1.13428495,-0.00133979,-1.99478929,0.01069342,15.93713588,-0.17947715,-270.57607021
-0.00000000,1.13288068,-0.00129101,-1.99467159,0.01032403,15.93554245,-0.17347661,-270.54058340
-0.00000000,1.13156666,-0.00126446,-1.99492519,0.00999154,15.93880933,-0.16786468,-270.61356055
-0.00000000,1.13030959,-0.00124078,-1.99520616,0.00976316,15.94218321,-0.16427630,-270.69029902
-0.00000000,1.12890647,-0.00137778,-1.99511989,0.01058530,15.94100755,-0.17751121,-270.66320233
-0.00000000,1.12760346,-0.00138496,-1.99516596,0.01050986,15.94164931,-0.17631841,-270.67760635
-0.00000000,1.12642340,-0.00130353,-1.99548278,0.01000902,15.94544233,-0.16772234,-270.76332257
-0.00000000,1.12522772,-0.00127319,-1.99604314,0.00990659,15.95177905,-0.16644926,-270.90663055
0.00000000,1.12391133,-0.00130241,-1.99622949,0.01011601,15.95406507,-0.17054126,-270.95782391
-0.00000000,1.12263341,-0.00124023,-1.99630951,0.00978071,15.95514340,-0.16517926,-270.98225032
0.00000000,1.12139751,-0.00118264,-1.99640525,0.00949742,15.95626899,-0.15996216,-271.00794006
-0.00000000,1.12025231,-0.00127459,-1.99686540,0.01023080,15.96174455,-0.17252389,-271.13205685
0.00000000,1.11899713,-0.00123361,-1.99687548,0.00975752,15.96197562,-0.16489594,-271.13751239
0.00000000,1.11780852,-0.00118865,-1.99718784,0.00923735,15.96545497,-0.15681533,-271.21617983
0.00000000,1.11650660,-0.00103812,-1.99693806,0.00803957,15.96277417,-0.13656475,-271.15575031
-0.00000000,1.11524692,-0.00108290,-1.99695514,0.00825735,15.96271226,-0.13994059,-271.15399650
-0.00000000,1.11404543,-0.00102308,-1.99705713,0.00799564,15.96401568,-0.13542437,-271.18392901
-0.00000000,1.11264706,-0.00098918,-1.99661571,0.00773486,15.95832728,-0.13106684,-271.05502825
0.00000000,1.11146127,-0.00094923,-1.99689191,0.00744518,15.96169781,-0.12614986,-271.13084577
-0.00000000,1.11024772,-0.00097373,-1.99685596,0.00747306,15.96131253,-0.12681485,-271.12261655
-0.00000000,1.10909839,-0.00104509,-1.99703528,0.00803097,15.96346035,-0.13582775,-271.17048210
0.00000000,1.10787881,-0.00107054,-1.99698354,0.00815196,15.96280699,-0.13745999,-271.15628224
-0.00000000,1.10673897,-0.00104639,-1.99728940,0.00794278,15.96646194,-0.13393861,-271.23952482
-0.00000000,1.10555928,-0.00104403,-1.99744561,0.00800660,15.96811652,-0.13485716,-271.27695409
-0.00000000,1.10442831,-0.00100488,-1.99762623,0.00778475,15.97030076,-0.13083728,-271.32628247
0.00000000,1.10324118,-0.00100618,-1.99761075,0.00779979,15.97006404,-0.13125336,-271.32089823
-0.00000000,1.10208152,-0.00105306,-1.99771697,0.00820904,15.97160668,-0.13837593,-271.35639991
-0.00000000,1.10090220,-0.00106127,-1.99781081,0.00828261,15.97263847,-0.13964927,-271.38034536
-0.00000000,1.09970211,-0.00104125,-1.99778867,0.00807703,15.97212536,-0.13644395,-271.36826824
-0.00000000,1.09845737,-0.00108779,-1.99753868,0.00817016,15.96914478,-0.13821474,-271.30045111
0.00000000,1.09724818,-0.00101473,-1.99731134,0.00784947,15.96656929,-0.13273400,-271.24218246
0.00000000,1.09617937,-0.00106623,-1.99764895,0.00812473,15.97055040,-0.13755900,-271.33233388
0.00000000,1.09489626,-0.00095365,-1.99705580,0.00745597,15.96368581,-0.12640801,-271.17687537
0.00000000,1.09383473,-0.00097579,-1.99753373,0.00755090,15.96928626,-0.12786106,-271.30339685
-0.00000000,1.09262915,-0.00099251,-1.99723692,0.00774720,15.96565662,-0.13099627,-271.22122260
-0.00000000,1.09151915,-0.00097623,-1.99723890,0.00766353,15.96573679,-0.12963039,-271.22326043
0.00000000,1.09042797,-0.00106073,-1.99752578,0.00810290,15.96913650,-0.13706671,-271.29996497
0.00000000,1.08941460,-0.00109171,-1.99787866,0.00826723,15.97357002,-0.13962770,-271.40016330
0.00000000,1.08829532,-0.00103075,-1.99789792,0.00792726,15.97374421,-0.13395987,-271.40401313
-0.00000000,1.08723927,-0.00110195,-1.99800284,0.00839002,15.97530734,-0.14152925,-271.43939367
-0.00000000,1.08623093,-0.00105642,-1.99841954,0.00801333,15.98017973,-0.13550782,-271.54972364
-0.00000000,1.08515137,-0.00103978,-1.99850861,0.00789294,15.98133602,-0.13361026,-271.57604549
-0.00000000,1.08415875,-0.00109944,-1.99897908,0.00841409,15.98696581,-0.14229375,-271.70346533
0.00000000,1.08303193,-0.00117457,-1.99874951,0.00889662,15.98446250,-0.15044046,-271.64641043
0.00000000,1.08193894,-0.00112608,-1.99874079,0.00852940,15.98455153,-0.14408832,-271.64857644
0.00000000,1.08069098,-0.00117904,-1.99817052,0.00880424,15.97758078,-0.14883816,-271.49062326
-0.00000000,1.07966684,-0.00116692,-1.99836592,0.00869239,15.98005252,-0.14716711,-271.54642033
-0.00000000,1.07866865,-0.00112907,-1.99865649,0.00850550,15.98371357,-0.14394778,-271.62937300
0.00000000,1.07761617,-0.00104632,-1.99872430,0.00798138,15.98458398,-0.13505094,-271.64899773
0.00000000,1.07670611,-0.00100504,-1.99914437,0.00764875,15.98994818,-0.12955417,-271.77086883
0.00000000,1.07556015,-0.00101774,-1.99890253,0.00764071,15.98680034,-0.12948877,-271.69933379
-0.00000000,1.07446427,-0.00093778,-1.99871295,0.00708913,15.98466521,-0.12032649,-271.65086930
0.00000000,1.07337175,-0.00101010,-1.99852713,0.00739325,15.98244442,-0.12547518,-271.60091448
-0.00000000,1.07235928,-0.00105774,-1.99868839,0.00762511,15.98434091,-0.12962041,-271.64389439
-0.00000000,1.07145230,-0.00101816,-1.99914030,0.00755764,15.98978720,-0.12838931,-271.76717687
0.00000000,1.07048476,-0.00101187,-1.99939518,0.00750873,15.99280756,-0.12742104,-271.83572728
0.00000000,1.06936495,-0.00095871,-1.99914115,0.00716217,15.98976837,-0.12176827,-271.76692777
0.00000000,1.06830149,-0.00098685,-1.99899003,0.00734749,15.98808028,-0.12475313,-271.72897591
0.00000000,1.06717764,-0.00104759,-1.99870060,0.00779332,15.98460464,-0.13212506,-271.65050759
-0.00000000,1.06611506,-0.00098623,-1.99845819,0.00735334,15.98182392,-0.12468889,-271.58759150
0.00000000,1.06506544,-0.00091964,-1.99824297,0.00702257,15.97925719,-0.11919903,-271.52945844
-0.00000000,1.06402112,-0.00086748,-1.99811111,0.00662014,15.97771142,-0.11237563,-271.49456109
-0.00000000,1.06306173,-0.00086456,-1.99817390,0.00662102,15.97848383,-0.11220841,-271.51198326
0.00000000,1.06203357,-0.00086227,-1.99812112,0.00664227,15.97782236,-0.11252606,-271.49701916
